

TREE # 1
   1   4485.98111 x   0.14478  0.28616  0.15127  0.03256  0.02452  0.11867  0.18140  0.03630  0.18950  0.03242  0.23030  0.06417  0.24684  0.20942  0.10666  0.18929  0.09510  3.17310  0.03912
   2   4481.68356 x   0.14806  0.29002  0.15587  0.03370  0.02637  0.12453  0.18843  0.03764  0.20096  0.04539  0.24688  0.06911  0.25964  0.22129  0.11379  0.19691  0.09863  3.74407  0.03363
   3   4481.39864 x   0.14646  0.29134  0.15422  0.03153  0.02600  0.12717  0.18978  0.03561  0.20628  0.05222  0.25244  0.06871  0.26246  0.22554  0.11633  0.19799  0.09979  3.86465  0.03256
   4   4481.38015 x   0.14611  0.29217  0.15466  0.03102  0.02610  0.12773  0.19041  0.03423  0.20832  0.05370  0.25409  0.06848  0.26300  0.22674  0.11688  0.19808  0.10013  3.89855  0.03226
   5   4481.37931 x   0.14611  0.29229  0.15480  0.03106  0.02617  0.12778  0.19057  0.03426  0.20852  0.05376  0.25444  0.06858  0.26325  0.22697  0.11700  0.19822  0.10019  3.90680  0.03218
   6   4481.37925 x   0.14606  0.29231  0.15477  0.03103  0.02617  0.12782  0.19060  0.03424  0.20861  0.05377  0.25452  0.06859  0.26330  0.22704  0.11704  0.19824  0.10021  3.90916  0.03216
   7   4481.37925 x   0.14606  0.29232  0.15477  0.03102  0.02617  0.12783  0.19061  0.03424  0.20863  0.05378  0.25454  0.06858  0.26330  0.22705  0.11705  0.19824  0.10021  3.90965  0.03216
   8   4481.37925 x   0.14606  0.29232  0.15477  0.03102  0.02617  0.12783  0.19061  0.03424  0.20863  0.05378  0.25455  0.06858  0.26331  0.22706  0.11705  0.19824  0.10021  3.90975  0.03216
