. Sequence file : [PNMAseqsToAlign3.fa.nonRedundant.group_PNMA_CCDC8_aln1_NT.addGroupNames.degap_0.3.fa.phyml]

. Model of nucleotides substitution : GTR

. Initial tree : [BioNJ]


. Data	Nb of 	Likelihood	Discrete   	Number of 	Gamma shape	Proportion of	Nucleotides frequencies               	Instantaneous rate matrix              	
  set	taxa	loglk     	gamma model	categories	parameter  	invariant    	f(A)      f(C)      f(G)      f(T)    	[A---------C---------G---------T------]	

  #1	14   	-9751.01924	Yes        	4        	1.645    	0.227    	 0.22427   0.28628   0.36084   0.12860	-1.15093   0.25443   0.78293   0.11357  
      	     	          	           	          	           	             	                                      	 0.19932  -0.97346   0.25363   0.52050  
      	     	          	           	          	           	             	                                      	 0.48661   0.20122  -0.74398   0.05615  
      	     	          	           	          	           	             	                                      	 0.19805   1.15867   0.15754  -1.51426  
  #2	14   	-9818.17695	Yes        	4        	1.728    	0.227    	 0.23264   0.28275   0.34971   0.13489	-1.07962   0.23038   0.78140   0.06784  
      	     	          	           	          	           	             	                                      	 0.18955  -0.97674   0.22720   0.55999  
      	     	          	           	          	           	             	                                      	 0.51981   0.18370  -0.77859   0.07507  
      	     	          	           	          	           	             	                                      	 0.11700   1.17384   0.19463  -1.48547  
  #3	14   	-10216.65447	Yes        	4        	1.803    	0.217    	 0.23293   0.28518   0.34499   0.13690	-1.04664   0.20043   0.74986   0.09635  
      	     	          	           	          	           	             	                                      	 0.16371  -0.95014   0.21368   0.57276  
      	     	          	           	          	           	             	                                      	 0.50629   0.17664  -0.77548   0.09255  
      	     	          	           	          	           	             	                                      	 0.16393   1.19312   0.23323  -1.59028  
  #4	14   	-10123.13704	Yes        	4        	2.351    	0.256    	 0.24391   0.27556   0.33469   0.14585	-1.00688   0.22871   0.70319   0.07498  
      	     	          	           	          	           	             	                                      	 0.20244  -1.02782   0.25430   0.57108  
      	     	          	           	          	           	             	                                      	 0.51247   0.20937  -0.80243   0.08059  
      	     	          	           	          	           	             	                                      	 0.12540   1.07897   0.18493  -1.38931  
  #5	14   	-9896.55054	Yes        	4        	1.770    	0.206    	 0.23577   0.26624   0.36403   0.13397	-1.02013   0.23430   0.69632   0.08951  
      	     	          	           	          	           	             	                                      	 0.20749  -1.05898   0.23530   0.61619  
      	     	          	           	          	           	             	                                      	 0.45099   0.17209  -0.71314   0.09006  
      	     	          	           	          	           	             	                                      	 0.15752   1.22459   0.24472  -1.62684  
  #6	14   	-10152.00393	Yes        	4        	1.937    	0.217    	 0.23501   0.27525   0.35042   0.13932	-1.06270   0.20657   0.74528   0.11084  
      	     	          	           	          	           	             	                                      	 0.17637  -0.99974   0.24031   0.58306  
      	     	          	           	          	           	             	                                      	 0.49984   0.18876  -0.75600   0.06740  
      	     	          	           	          	           	             	                                      	 0.18698   1.15197   0.16952  -1.50847  
  #7	14   	-10142.47197	Yes        	4        	2.562    	0.279    	 0.24125   0.25746   0.36024   0.14105	-1.01658   0.18025   0.73366   0.10267  
      	     	          	           	          	           	             	                                      	 0.16890  -1.04927   0.27891   0.60145  
      	     	          	           	          	           	             	                                      	 0.49134   0.19934  -0.76864   0.07796  
      	     	          	           	          	           	             	                                      	 0.17562   1.09788   0.19911  -1.47261  
  #8	14   	-9813.38648	Yes        	4        	1.897    	0.230    	 0.23731   0.27876   0.35186   0.13207	-1.04588   0.23593   0.70888   0.10107  
      	     	          	           	          	           	             	                                      	 0.20085  -1.01409   0.25528   0.55795  
      	     	          	           	          	           	             	                                      	 0.47809   0.20225  -0.75169   0.07135  
      	     	          	           	          	           	             	                                      	 0.18162   1.17767   0.19009  -1.54938  
  #9	14   	-9937.83692	Yes        	4        	2.387    	0.255    	 0.23898   0.27320   0.36050   0.12731	-1.10350   0.25314   0.78169   0.06866  
      	     	          	           	          	           	             	                                      	 0.22144  -0.99635   0.22807   0.54683  
      	     	          	           	          	           	             	                                      	 0.51820   0.17284  -0.75921   0.06817  
      	     	          	           	          	           	             	                                      	 0.12890   1.17348   0.19303  -1.49540  
  #10	14   	-9875.57373	Yes        	4        	1.563    	0.212    	 0.24707   0.25679   0.36928   0.12685	-1.03833   0.21981   0.72719   0.09132  
      	     	          	           	          	           	             	                                      	 0.21149  -1.03411   0.25597   0.56665  
      	     	          	           	          	           	             	                                      	 0.48654   0.17800  -0.75177   0.08723  
      	     	          	           	          	           	             	                                      	 0.17787   1.14712   0.25393  -1.57892  
  #11	14   	-9676.87017	Yes        	4        	2.986    	0.282    	 0.23960   0.26802   0.36377   0.12861	-1.00097   0.18404   0.72478   0.09215  
      	     	          	           	          	           	             	                                      	 0.16453  -1.03903   0.25840   0.61610  
      	     	          	           	          	           	             	                                      	 0.47739   0.19038  -0.73864   0.07087  
      	     	          	           	          	           	             	                                      	 0.17168   1.28397   0.20046  -1.65612  
  #12	14   	-9877.91120	Yes        	4        	2.418    	0.253    	 0.25290   0.27939   0.34305   0.12466	-0.94701   0.20947   0.63700   0.10054  
      	     	          	           	          	           	             	                                      	 0.18961  -1.03005   0.24026   0.60018  
      	     	          	           	          	           	             	                                      	 0.46960   0.19567  -0.74017   0.07489  
      	     	          	           	          	           	             	                                      	 0.20396   1.34511   0.20609  -1.75516  
  #13	14   	-9899.17705	Yes        	4        	3.407    	0.270    	 0.22411   0.27473   0.36833   0.13283	-1.12454   0.23240   0.76091   0.13123  
      	     	          	           	          	           	             	                                      	 0.18959  -0.98377   0.24016   0.55403  
      	     	          	           	          	           	             	                                      	 0.46299   0.17913  -0.72299   0.08088  
      	     	          	           	          	           	             	                                      	 0.22141   1.14589   0.22427  -1.59157  
  #14	14   	-10062.74674	Yes        	4        	1.794    	0.218    	 0.24595   0.27921   0.34550   0.12933	-0.95367   0.20769   0.66891   0.07707  
      	     	          	           	          	           	             	                                      	 0.18294  -1.04640   0.26070   0.60276  
      	     	          	           	          	           	             	                                      	 0.47618   0.21068  -0.75735   0.07049  
      	     	          	           	          	           	             	                                      	 0.14657   1.30128   0.18830  -1.63615  
  #15	14   	-10139.56604	Yes        	4        	3.009    	0.270    	 0.23756   0.27907   0.34625   0.13711	-1.01545   0.22841   0.69074   0.09630  
      	     	          	           	          	           	             	                                      	 0.19444  -1.03209   0.24829   0.58936  
      	     	          	           	          	           	             	                                      	 0.47392   0.20012  -0.74624   0.07220  
      	     	          	           	          	           	             	                                      	 0.16685   1.19954   0.18232  -1.54872  
  #16	14   	-10063.78986	Yes        	4        	2.057    	0.250    	 0.22627   0.28940   0.35127   0.13306	-1.12127   0.24762   0.73244   0.14121  
      	     	          	           	          	           	             	                                      	 0.19361  -0.95946   0.21261   0.55323  
      	     	          	           	          	           	             	                                      	 0.47181   0.17517  -0.71715   0.07018  
      	     	          	           	          	           	             	                                      	 0.24013   1.20326   0.18526  -1.62865  
  #17	14   	-10092.99096	Yes        	4        	1.087    	0.122    	 0.22640   0.27401   0.36649   0.13310	-1.09771   0.23091   0.76450   0.10229  
      	     	          	           	          	           	             	                                      	 0.19079  -1.01418   0.27003   0.55336  
      	     	          	           	          	           	             	                                      	 0.47226   0.20189  -0.74472   0.07057  
      	     	          	           	          	           	             	                                      	 0.17400   1.13924   0.19431  -1.50755  
  #18	14   	-9881.41983	Yes        	4        	2.043    	0.241    	 0.22638   0.27550   0.36474   0.13338	-1.07056   0.21327   0.76733   0.08997  
      	     	          	           	          	           	             	                                      	 0.17525  -1.02199   0.21846   0.62829  
      	     	          	           	          	           	             	                                      	 0.47626   0.16501  -0.70807   0.06680  
      	     	          	           	          	           	             	                                      	 0.15271   1.29779   0.18267  -1.63317  
  #19	14   	-10067.63114	Yes        	4        	2.641    	0.265    	 0.24966   0.28081   0.34564   0.12389	-1.01941   0.25405   0.69670   0.06867  
      	     	          	           	          	           	             	                                      	 0.22586  -0.99616   0.21333   0.55697  
      	     	          	           	          	           	             	                                      	 0.50323   0.17332  -0.76098   0.08443  
      	     	          	           	          	           	             	                                      	 0.13838   1.26249   0.23557  -1.63644  
  #20	14   	-9903.13873	Yes        	4        	2.014    	0.227    	 0.24879   0.26738   0.36116   0.12266	-0.99859   0.24246   0.65183   0.10431  
      	     	          	           	          	           	             	                                      	 0.22560  -1.05908   0.25413   0.57935  
      	     	          	           	          	           	             	                                      	 0.44902   0.18814  -0.71662   0.07946  
      	     	          	           	          	           	             	                                      	 0.21157   1.26293   0.23397  -1.70847  
  #21	14   	-9900.28510	Yes        	4        	1.512    	0.211    	 0.24291   0.24349   0.38228   0.13132	-1.11208   0.22323   0.77828   0.11057  
      	     	          	           	          	           	             	                                      	 0.22270  -1.06537   0.24225   0.60042  
      	     	          	           	          	           	             	                                      	 0.49454   0.15430  -0.71340   0.06457  
      	     	          	           	          	           	             	                                      	 0.20453   1.11330   0.18797  -1.50579  
  #22	14   	-10339.00200	Yes        	4        	2.185    	0.244    	 0.24149   0.27634   0.34496   0.13720	-1.01617   0.22087   0.71189   0.08341  
      	     	          	           	          	           	             	                                      	 0.19302  -1.02411   0.22544   0.60564  
      	     	          	           	          	           	             	                                      	 0.49836   0.18060  -0.75125   0.07230  
      	     	          	           	          	           	             	                                      	 0.14682   1.21981   0.18177  -1.54840  
  #23	14   	-9985.10752	Yes        	4        	2.781    	0.263    	 0.24156   0.25955   0.37360   0.12529	-1.03967   0.17240   0.75485   0.11242  
      	     	          	           	          	           	             	                                      	 0.16045  -1.00676   0.25959   0.58672  
      	     	          	           	          	           	             	                                      	 0.48806   0.18034  -0.74656   0.07815  
      	     	          	           	          	           	             	                                      	 0.21674   1.21545   0.23305  -1.66524  
  #24	14   	-9664.32347	Yes        	4        	1.694    	0.248    	 0.23266   0.27905   0.35802   0.13028	-1.09917   0.22774   0.78234   0.08908  
      	     	          	           	          	           	             	                                      	 0.18988  -0.97881   0.24946   0.53946  
      	     	          	           	          	           	             	                                      	 0.50841   0.19444  -0.77022   0.06738  
      	     	          	           	          	           	             	                                      	 0.15909   1.15548   0.18515  -1.49973  
  #25	14   	-10110.62729	Yes        	4        	2.326    	0.232    	 0.22499   0.26889   0.38023   0.12588	-1.12456   0.26553   0.78280   0.07624  
      	     	          	           	          	           	             	                                      	 0.22218  -1.04222   0.26079   0.55926  
      	     	          	           	          	           	             	                                      	 0.46320   0.18443  -0.71725   0.06963  
      	     	          	           	          	           	             	                                      	 0.13627   1.19465   0.21032  -1.54124  
  #26	14   	-10084.92928	Yes        	4        	1.784    	0.221    	 0.24080   0.26012   0.36917   0.12991	-1.00048   0.21181   0.67311   0.11556  
      	     	          	           	          	           	             	                                      	 0.19608  -1.07911   0.25580   0.62723  
      	     	          	           	          	           	             	                                      	 0.43905   0.18024  -0.69892   0.07962  
      	     	          	           	          	           	             	                                      	 0.21419   1.25585   0.22626  -1.69630  
  #27	14   	-10075.78605	Yes        	4        	2.647    	0.279    	 0.23655   0.28678   0.34353   0.13314	-0.99407   0.18573   0.69716   0.11118  
      	     	          	           	          	           	             	                                      	 0.15320  -0.98212   0.21493   0.61399  
      	     	          	           	          	           	             	                                      	 0.48005   0.17942  -0.73847   0.07900  
      	     	          	           	          	           	             	                                      	 0.19753   1.32251   0.20384  -1.72388  
  #28	14   	-10128.32097	Yes        	4        	2.633    	0.260    	 0.24097   0.25719   0.38262   0.11922	-1.04925   0.17106   0.78879   0.08940  
      	     	          	           	          	           	             	                                      	 0.16027  -1.01264   0.26498   0.58738  
      	     	          	           	          	           	             	                                      	 0.49676   0.17812  -0.74792   0.07303  
      	     	          	           	          	           	             	                                      	 0.18068   1.26714   0.23438  -1.68220  
  #29	14   	-10031.73713	Yes        	4        	1.673    	0.199    	 0.23160   0.28216   0.36027   0.12597	-1.06250   0.23861   0.73509   0.08881  
      	     	          	           	          	           	             	                                      	 0.19586  -1.00404   0.24588   0.56230  
      	     	          	           	          	           	             	                                      	 0.47256   0.19257  -0.73697   0.07185  
      	     	          	           	          	           	             	                                      	 0.16328   1.25952   0.20550  -1.62831  
  #30	14   	-10016.28570	Yes        	4        	2.301    	0.259    	 0.23240   0.26588   0.36882   0.13289	-1.03310   0.23698   0.70040   0.09572  
      	     	          	           	          	           	             	                                      	 0.20714  -1.09109   0.25750   0.62645  
      	     	          	           	          	           	             	                                      	 0.44134   0.18563  -0.69442   0.06745  
      	     	          	           	          	           	             	                                      	 0.16740   1.25335   0.18720  -1.60795  
  #31	14   	-9676.62810	Yes        	4        	1.690    	0.257    	 0.23215   0.27237   0.34687   0.14862	-1.04621   0.19030   0.76321   0.09271  
      	     	          	           	          	           	             	                                      	 0.16219  -1.00394   0.26535   0.57640  
      	     	          	           	          	           	             	                                      	 0.51079   0.20836  -0.79947   0.08032  
      	     	          	           	          	           	             	                                      	 0.14481   1.05635   0.18747  -1.38863  
  #32	14   	-9909.27458	Yes        	4        	1.928    	0.249    	 0.24802   0.25077   0.37247   0.12874	-1.01200   0.21854   0.69182   0.10164  
      	     	          	           	          	           	             	                                      	 0.21615  -1.11518   0.26798   0.63105  
      	     	          	           	          	           	             	                                      	 0.46068   0.18042  -0.70433   0.06323  
      	     	          	           	          	           	             	                                      	 0.19581   1.22924   0.18293  -1.60798  
  #33	14   	-9766.51493	Yes        	4        	3.069    	0.285    	 0.22565   0.27659   0.36998   0.12779	-1.08980   0.23024   0.77799   0.08156  
      	     	          	           	          	           	             	                                      	 0.18784  -1.01042   0.20835   0.61424  
      	     	          	           	          	           	             	                                      	 0.47449   0.15576  -0.70208   0.07183  
      	     	          	           	          	           	             	                                      	 0.14401   1.32945   0.20797  -1.68143  
  #34	14   	-10038.70055	Yes        	4        	2.306    	0.292    	 0.25123   0.26213   0.36399   0.12265	-0.97757   0.20112   0.69206   0.08439  
      	     	          	           	          	           	             	                                      	 0.19275  -1.07624   0.25449   0.62899  
      	     	          	           	          	           	             	                                      	 0.47767   0.18328  -0.72363   0.06267  
      	     	          	           	          	           	             	                                      	 0.17287   1.34434   0.18600  -1.70321  
  #35	14   	-9766.38401	Yes        	4        	1.295    	0.177    	 0.21648   0.27073   0.37084   0.14195	-1.07915   0.23589   0.74024   0.10302  
      	     	          	           	          	           	             	                                      	 0.18862  -1.07792   0.26913   0.62017  
      	     	          	           	          	           	             	                                      	 0.43212   0.19648  -0.69770   0.06910  
      	     	          	           	          	           	             	                                      	 0.15710   1.18277   0.18052  -1.52039  
  #36	14   	-9791.12966	Yes        	4        	2.045    	0.252    	 0.23946   0.26531   0.36691   0.12832	-1.07848   0.25030   0.75067   0.07751  
      	     	          	           	          	           	             	                                      	 0.22590  -1.02687   0.29677   0.50419  
      	     	          	           	          	           	             	                                      	 0.48991   0.21460  -0.78422   0.07970  
      	     	          	           	          	           	             	                                      	 0.14464   1.04245   0.22789  -1.41498  
  #37	14   	-10086.32299	Yes        	4        	1.884    	0.218    	 0.23439   0.26233   0.36281   0.14047	-1.12861   0.23981   0.78611   0.10269  
      	     	          	           	          	           	             	                                      	 0.21428  -1.00240   0.22297   0.56515  
      	     	          	           	          	           	             	                                      	 0.50787   0.16122  -0.74824   0.07915  
      	     	          	           	          	           	             	                                      	 0.17136   1.05538   0.20443  -1.43117  
  #38	14   	-10107.42807	Yes        	4        	2.156    	0.240    	 0.24147   0.27322   0.34627   0.13903	-1.05200   0.25763   0.70084   0.09353  
      	     	          	           	          	           	             	                                      	 0.22768  -1.01899   0.22063   0.57068  
      	     	          	           	          	           	             	                                      	 0.48872   0.17408  -0.74878   0.08597  
      	     	          	           	          	           	             	                                      	 0.16244   1.12148   0.21413  -1.49806  
  #39	14   	-9656.09827	Yes        	4        	1.649    	0.187    	 0.24304   0.27136   0.35316   0.13244	-1.00190   0.20162   0.71913   0.08115  
      	     	          	           	          	           	             	                                      	 0.18058  -1.04611   0.28197   0.58356  
      	     	          	           	          	           	             	                                      	 0.49490   0.21666  -0.77280   0.06124  
      	     	          	           	          	           	             	                                      	 0.14891   1.19565   0.16331  -1.50787  
  #40	14   	-9611.86752	Yes        	4        	4.932    	0.315    	 0.23518   0.27836   0.35035   0.13611	-1.12036   0.27763   0.76037   0.08236  
      	     	          	           	          	           	             	                                      	 0.23456  -0.99911   0.20875   0.55580  
      	     	          	           	          	           	             	                                      	 0.51041   0.16585  -0.74390   0.06763  
      	     	          	           	          	           	             	                                      	 0.14230   1.13668   0.17409  -1.45307  
  #41	14   	-10253.84337	Yes        	4        	1.461    	0.184    	 0.24144   0.26985   0.36261   0.12610	-1.00850   0.18879   0.72003   0.09968  
      	     	          	           	          	           	             	                                      	 0.16891  -1.01482   0.24115   0.60476  
      	     	          	           	          	           	             	                                      	 0.47941   0.17946  -0.73676   0.07788  
      	     	          	           	          	           	             	                                      	 0.19086   1.29419   0.22396  -1.70900  
  #42	14   	-9974.28948	Yes        	4        	2.353    	0.270    	 0.23270   0.27973   0.36323   0.12433	-1.10096   0.19313   0.80505   0.10277  
      	     	          	           	          	           	             	                                      	 0.16067  -0.92389   0.23360   0.52962  
      	     	          	           	          	           	             	                                      	 0.51576   0.17990  -0.77909   0.08343  
      	     	          	           	          	           	             	                                      	 0.19234   1.19155   0.24375  -1.62764  
  #43	14   	-9971.76091	Yes        	4        	3.066    	0.250    	 0.24470   0.27724   0.34803   0.13003	-1.03316   0.18873   0.75243   0.09200  
      	     	          	           	          	           	             	                                      	 0.16658  -0.96430   0.23142   0.56630  
      	     	          	           	          	           	             	                                      	 0.52904   0.18435  -0.78816   0.07477  
      	     	          	           	          	           	             	                                      	 0.17313   1.20747   0.20013  -1.58073  
  #44	14   	-10217.90049	Yes        	4        	1.663    	0.178    	 0.22750   0.27349   0.34977   0.14924	-1.06454   0.22277   0.73380   0.10798  
      	     	          	           	          	           	             	                                      	 0.18531  -1.03580   0.26365   0.58684  
      	     	          	           	          	           	             	                                      	 0.47728   0.20615  -0.75553   0.07210  
      	     	          	           	          	           	             	                                      	 0.16460   1.07540   0.16897  -1.40897  
  #45	14   	-9776.99329	Yes        	4        	2.454    	0.271    	 0.22573   0.26508   0.38436   0.12483	-1.16740   0.27497   0.79069   0.10174  
      	     	          	           	          	           	             	                                      	 0.23414  -1.00669   0.23295   0.53959  
      	     	          	           	          	           	             	                                      	 0.46435   0.16066  -0.70748   0.08247  
      	     	          	           	          	           	             	                                      	 0.18398   1.14590   0.25393  -1.58381  
  #46	14   	-10230.43450	Yes        	4        	2.496    	0.251    	 0.25104   0.25494   0.36768   0.12634	-1.00005   0.24327   0.67121   0.08556  
      	     	          	           	          	           	             	                                      	 0.23955  -1.10353   0.26729   0.59669  
      	     	          	           	          	           	             	                                      	 0.45828   0.18534  -0.72162   0.07801  
      	     	          	           	          	           	             	                                      	 0.17001   1.20410   0.22703  -1.60113  
  #47	14   	-10012.62039	Yes        	4        	2.699    	0.264    	 0.23410   0.28038   0.34574   0.13978	-1.14080   0.27828   0.78361   0.07891  
      	     	          	           	          	           	             	                                      	 0.23234  -0.96450   0.22313   0.50903  
      	     	          	           	          	           	             	                                      	 0.53058   0.18095  -0.79152   0.07999  
      	     	          	           	          	           	             	                                      	 0.13216   1.02104   0.19786  -1.35106  
  #48	14   	-9827.37774	Yes        	4        	1.793    	0.221    	 0.23035   0.28276   0.34823   0.13867	-1.05827   0.23187   0.73369   0.09272  
      	     	          	           	          	           	             	                                      	 0.18889  -1.00102   0.23670   0.57543  
      	     	          	           	          	           	             	                                      	 0.48532   0.19220  -0.75389   0.07638  
      	     	          	           	          	           	             	                                      	 0.15401   1.17334   0.19180  -1.51914  
  #49	14   	-9798.15596	Yes        	4        	1.688    	0.208    	 0.24493   0.27277   0.37196   0.11033	-1.06130   0.21844   0.75380   0.08906  
      	     	          	           	          	           	             	                                      	 0.19614  -0.99623   0.24003   0.56005  
      	     	          	           	          	           	             	                                      	 0.49637   0.17602  -0.73104   0.05864  
      	     	          	           	          	           	             	                                      	 0.19772   1.38458   0.19769  -1.77999  
  #50	14   	-9855.10616	Yes        	4        	2.382    	0.275    	 0.24734   0.25745   0.36006   0.13515	-0.99864   0.22580   0.69697   0.07587  
      	     	          	           	          	           	             	                                      	 0.21694  -1.09804   0.28661   0.59449  
      	     	          	           	          	           	             	                                      	 0.47878   0.20493  -0.75637   0.07265  
      	     	          	           	          	           	             	                                      	 0.13884   1.13240   0.19355  -1.46479  
  #51	14   	-9723.98967	Yes        	4        	1.702    	0.219    	 0.24074   0.27506   0.35536   0.12884	-1.02781   0.22188   0.74030   0.06563  
      	     	          	           	          	           	             	                                      	 0.19419  -0.99922   0.21819   0.58683  
      	     	          	           	          	           	             	                                      	 0.50153   0.16889  -0.75803   0.08761  
      	     	          	           	          	           	             	                                      	 0.12264   1.25280   0.24164  -1.61707  
  #52	14   	-10194.21380	Yes        	4        	1.729    	0.214    	 0.24350   0.27229   0.35959   0.12461	-1.02382   0.23483   0.71319   0.07580  
      	     	          	           	          	           	             	                                      	 0.21000  -1.04431   0.26127   0.57305  
      	     	          	           	          	           	             	                                      	 0.48294   0.19784  -0.74619   0.06541  
      	     	          	           	          	           	             	                                      	 0.14811   1.25215   0.18876  -1.58902  
  #53	14   	-9722.23742	Yes        	4        	2.860    	0.261    	 0.22746   0.26178   0.36756   0.14320	-1.12206   0.21784   0.82110   0.08312  
      	     	          	           	          	           	             	                                      	 0.18928  -1.00920   0.30478   0.51514  
      	     	          	           	          	           	             	                                      	 0.50813   0.21707  -0.80718   0.08199  
      	     	          	           	          	           	             	                                      	 0.13203   0.94176   0.21044  -1.28424  
  #54	14   	-9710.32557	Yes        	4        	1.353    	0.192    	 0.22408   0.26990   0.38651   0.11951	-1.10649   0.25559   0.76805   0.08286  
      	     	          	           	          	           	             	                                      	 0.21220  -1.04603   0.21671   0.61713  
      	     	          	           	          	           	             	                                      	 0.44527   0.15133  -0.66648   0.06988  
      	     	          	           	          	           	             	                                      	 0.15535   1.39366   0.22598  -1.77499  
  #55	14   	-9709.33276	Yes        	4        	1.661    	0.231    	 0.22894   0.27179   0.36740   0.13187	-1.08608   0.23809   0.74372   0.10427  
      	     	          	           	          	           	             	                                      	 0.20056  -1.01774   0.25991   0.55727  
      	     	          	           	          	           	             	                                      	 0.46344   0.19227  -0.73533   0.07963  
      	     	          	           	          	           	             	                                      	 0.18102   1.14850   0.22184  -1.55136  
  #56	14   	-9773.56440	Yes        	4        	1.662    	0.221    	 0.23521   0.26325   0.37188   0.12967	-1.01770   0.21847   0.70965   0.08959  
      	     	          	           	          	           	             	                                      	 0.19520  -1.05590   0.24677   0.61394  
      	     	          	           	          	           	             	                                      	 0.44885   0.17468  -0.71509   0.09156  
      	     	          	           	          	           	             	                                      	 0.16251   1.24638   0.26259  -1.67148  
  #57	14   	-10041.09593	Yes        	4        	2.256    	0.248    	 0.23518   0.28715   0.33748   0.14020	-1.00830   0.20771   0.68972   0.11087  
      	     	          	           	          	           	             	                                      	 0.17012  -0.98433   0.23410   0.58011  
      	     	          	           	          	           	             	                                      	 0.48065   0.19919  -0.76598   0.08615  
      	     	          	           	          	           	             	                                      	 0.18598   1.18812   0.20737  -1.58147  
  #58	14   	-9885.32051	Yes        	4        	2.535    	0.271    	 0.23427   0.28189   0.34838   0.13546	-0.99468   0.21601   0.69197   0.08670  
      	     	          	           	          	           	             	                                      	 0.17952  -1.01454   0.27074   0.56428  
      	     	          	           	          	           	             	                                      	 0.46531   0.21906  -0.77507   0.09070  
      	     	          	           	          	           	             	                                      	 0.14994   1.17422   0.23327  -1.55742  
  #59	14   	-9818.10809	Yes        	4        	2.254    	0.288    	 0.23238   0.26083   0.38033   0.12647	-1.10737   0.24046   0.78021   0.08671  
      	     	          	           	          	           	             	                                      	 0.21423  -1.04531   0.27014   0.56094  
      	     	          	           	          	           	             	                                      	 0.47670   0.18526  -0.73007   0.06811  
      	     	          	           	          	           	             	                                      	 0.15932   1.15686   0.20483  -1.52101  
  #60	14   	-9667.69772	Yes        	4        	3.193    	0.289    	 0.22427   0.27904   0.36253   0.13416	-1.07483   0.21526   0.74923   0.11034  
      	     	          	           	          	           	             	                                      	 0.17301  -0.99688   0.23032   0.59355  
      	     	          	           	          	           	             	                                      	 0.46348   0.17728  -0.72090   0.08014  
      	     	          	           	          	           	             	                                      	 0.18446   1.23458   0.21656  -1.63560  
  #61	14   	-10176.97015	Yes        	4        	3.180    	0.273    	 0.23837   0.27982   0.34462   0.13718	-1.06124   0.24672   0.71486   0.09966  
      	     	          	           	          	           	             	                                      	 0.21018  -1.00562   0.23833   0.55712  
      	     	          	           	          	           	             	                                      	 0.49446   0.19351  -0.75891   0.07095  
      	     	          	           	          	           	             	                                      	 0.17316   1.13638   0.17823  -1.48777  
  #62	14   	-9809.90227	Yes        	4        	5.456    	0.314    	 0.23711   0.27110   0.36573   0.12606	-1.00508   0.20795   0.69607   0.10106  
      	     	          	           	          	           	             	                                      	 0.18187  -1.03874   0.23494   0.62193  
      	     	          	           	          	           	             	                                      	 0.45127   0.17415  -0.70578   0.08036  
      	     	          	           	          	           	             	                                      	 0.19008   1.33752   0.23315  -1.76075  
  #63	14   	-9891.07747	Yes        	4        	3.751    	0.313    	 0.23653   0.28202   0.35205   0.12940	-1.07745   0.25414   0.73039   0.09293  
      	     	          	           	          	           	             	                                      	 0.21314  -0.96903   0.25123   0.50465  
      	     	          	           	          	           	             	                                      	 0.49072   0.20126  -0.78280   0.09082  
      	     	          	           	          	           	             	                                      	 0.16986   1.09990   0.24709  -1.51686  
  #64	14   	-10253.64062	Yes        	4        	3.247    	0.285    	 0.22125   0.28905   0.35449   0.13521	-1.11781   0.26311   0.75183   0.10286  
      	     	          	           	          	           	             	                                      	 0.20140  -0.99305   0.25250   0.53916  
      	     	          	           	          	           	             	                                      	 0.46925   0.20589  -0.74244   0.06729  
      	     	          	           	          	           	             	                                      	 0.16832   1.15259   0.17643  -1.49733  
  #65	14   	-9627.77133	Yes        	4        	3.369    	0.307    	 0.24869   0.27017   0.35071   0.13044	-0.98637   0.19477   0.68342   0.10818  
      	     	          	           	          	           	             	                                      	 0.17928  -1.03449   0.24515   0.61006  
      	     	          	           	          	           	             	                                      	 0.48462   0.18885  -0.74091   0.06744  
      	     	          	           	          	           	             	                                      	 0.20625   1.26359   0.18132  -1.65116  
  #66	14   	-9706.38227	Yes        	4        	2.401    	0.253    	 0.23258   0.25733   0.37001   0.14008	-1.00001   0.18828   0.71475   0.09698  
      	     	          	           	          	           	             	                                      	 0.17017  -1.09760   0.31548   0.61195  
      	     	          	           	          	           	             	                                      	 0.44928   0.21942  -0.74642   0.07772  
      	     	          	           	          	           	             	                                      	 0.16101   1.12419   0.20529  -1.49049  
  #67	14   	-10011.38176	Yes        	4        	2.230    	0.273    	 0.23311   0.28476   0.35115   0.13098	-1.06224   0.24655   0.72978   0.08591  
      	     	          	           	          	           	             	                                      	 0.20184  -0.98679   0.20995   0.57500  
      	     	          	           	          	           	             	                                      	 0.48447   0.17026  -0.73691   0.08218  
      	     	          	           	          	           	             	                                      	 0.15290   1.25006   0.22032  -1.62327  
  #68	14   	-9967.36899	Yes        	4        	1.562    	0.215    	 0.24454   0.26222   0.35841   0.13483	-0.92247   0.18679   0.64575   0.08994  
      	     	          	           	          	           	             	                                      	 0.17420  -1.14583   0.24545   0.72618  
      	     	          	           	          	           	             	                                      	 0.44059   0.17957  -0.67495   0.05479  
      	     	          	           	          	           	             	                                      	 0.16313   1.41231   0.14564  -1.72108  
  #69	14   	-9916.25954	Yes        	4        	3.283    	0.274    	 0.24167   0.26339   0.36913   0.12581	-1.03125   0.24786   0.70379   0.07960  
      	     	          	           	          	           	             	                                      	 0.22743  -1.07641   0.24002   0.60897  
      	     	          	           	          	           	             	                                      	 0.46078   0.17127  -0.70562   0.07357  
      	     	          	           	          	           	             	                                      	 0.15290   1.27496   0.21586  -1.64372  
  #70	14   	-9941.50962	Yes        	4        	3.022    	0.312    	 0.23144   0.28919   0.34960   0.12976	-0.99760   0.23616   0.66854   0.09290  
      	     	          	           	          	           	             	                                      	 0.18900  -1.02100   0.26738   0.56461  
      	     	          	           	          	           	             	                                      	 0.44258   0.22118  -0.74530   0.08154  
      	     	          	           	          	           	             	                                      	 0.16570   1.25834   0.21968  -1.64371  
  #71	14   	-9803.97551	Yes        	4        	2.077    	0.218    	 0.24235   0.27147   0.35365   0.13254	-1.02517   0.23407   0.72467   0.06643  
      	     	          	           	          	           	             	                                      	 0.20896  -1.02080   0.23950   0.57234  
      	     	          	           	          	           	             	                                      	 0.49659   0.18384  -0.76857   0.08813  
      	     	          	           	          	           	             	                                      	 0.12147   1.17226   0.23515  -1.52888  
  #72	14   	-9852.83636	Yes        	4        	2.582    	0.283    	 0.23876   0.26588   0.36259   0.13277	-1.06464   0.21345   0.75169   0.09950  
      	     	          	           	          	           	             	                                      	 0.19169  -1.01470   0.23691   0.58610  
      	     	          	           	          	           	             	                                      	 0.49498   0.17372  -0.74312   0.07442  
      	     	          	           	          	           	             	                                      	 0.17893   1.17369   0.20325  -1.55586  
  #73	14   	-10007.98781	Yes        	4        	2.166    	0.254    	 0.23744   0.25720   0.34809   0.15728	-1.00436   0.24413   0.65419   0.10604  
      	     	          	           	          	           	             	                                      	 0.22537  -1.13092   0.24336   0.66219  
      	     	          	           	          	           	             	                                      	 0.44624   0.17982  -0.70828   0.08222  
      	     	          	           	          	           	             	                                      	 0.16009   1.08290   0.18197  -1.42497  
  #74	14   	-9995.90152	Yes        	4        	1.889    	0.228    	 0.23166   0.26289   0.37635   0.12910	-1.05554   0.21896   0.75887   0.07771  
      	     	          	           	          	           	             	                                      	 0.19294  -1.04863   0.25742   0.59827  
      	     	          	           	          	           	             	                                      	 0.46711   0.17982  -0.72803   0.08110  
      	     	          	           	          	           	             	                                      	 0.13945   1.21831   0.23642  -1.59418  
  #75	14   	-9551.12181	Yes        	4        	2.945    	0.296    	 0.22770   0.28705   0.35983   0.12542	-1.05613   0.18761   0.74221   0.12631  
      	     	          	           	          	           	             	                                      	 0.14882  -0.94450   0.22200   0.57368  
      	     	          	           	          	           	             	                                      	 0.46967   0.17710  -0.73324   0.08647  
      	     	          	           	          	           	             	                                      	 0.22933   1.31304   0.24809  -1.79046  
  #76	14   	-10002.17011	Yes        	4        	4.082    	0.277    	 0.22142   0.29973   0.34666   0.13219	-1.04305   0.19219   0.73463   0.11622  
      	     	          	           	          	           	             	                                      	 0.14198  -0.96118   0.22914   0.59006  
      	     	          	           	          	           	             	                                      	 0.46922   0.19812  -0.73517   0.06783  
      	     	          	           	          	           	             	                                      	 0.19466   1.33787   0.17786  -1.71039  
  #77	14   	-9885.84745	Yes        	4        	1.878    	0.252    	 0.23657   0.26372   0.35760   0.14211	-0.98707   0.21841   0.67465   0.09401  
      	     	          	           	          	           	             	                                      	 0.19593  -1.11585   0.27603   0.64388  
      	     	          	           	          	           	             	                                      	 0.44632   0.20357  -0.71668   0.06680  
      	     	          	           	          	           	             	                                      	 0.15650   1.19487   0.16809  -1.51946  
  #78	14   	-10025.78298	Yes        	4        	2.217    	0.255    	 0.25527   0.27671   0.33198   0.13604	-0.99026   0.19239   0.70064   0.09723  
      	     	          	           	          	           	             	                                      	 0.17748  -0.96988   0.24222   0.55019  
      	     	          	           	          	           	             	                                      	 0.53873   0.20190  -0.82482   0.08419  
      	     	          	           	          	           	             	                                      	 0.18245   1.11913   0.20545  -1.50703  
  #79	14   	-9834.40668	Yes        	4        	1.808    	0.255    	 0.24632   0.28099   0.34043   0.13226	-0.98495   0.21185   0.67769   0.09541  
      	     	          	           	          	           	             	                                      	 0.18571  -0.97144   0.25084   0.53489  
      	     	          	           	          	           	             	                                      	 0.49034   0.20704  -0.80491   0.10753  
      	     	          	           	          	           	             	                                      	 0.17768   1.13638   0.27678  -1.59083  
  #80	14   	-9826.84230	Yes        	4        	2.302    	0.266    	 0.24660   0.25604   0.34530   0.15207	-1.02864   0.23096   0.71676   0.08091  
      	     	          	           	          	           	             	                                      	 0.22244  -1.07400   0.23386   0.61770  
      	     	          	           	          	           	             	                                      	 0.51189   0.17341  -0.76727   0.08198  
      	     	          	           	          	           	             	                                      	 0.13121   1.04005   0.18614  -1.35741  
  #81	14   	-10019.82975	Yes        	4        	1.670    	0.189    	 0.23534   0.25786   0.37078   0.13602	-1.07801   0.24957   0.74898   0.07946  
      	     	          	           	          	           	             	                                      	 0.22777  -1.06859   0.28161   0.55920  
      	     	          	           	          	           	             	                                      	 0.47538   0.19585  -0.75077   0.07954  
      	     	          	           	          	           	             	                                      	 0.13747   1.06011   0.21680  -1.41438  
  #82	14   	-9832.45498	Yes        	4        	2.204    	0.240    	 0.24098   0.27096   0.35483   0.13323	-1.06768   0.22511   0.74993   0.09265  
      	     	          	           	          	           	             	                                      	 0.20021  -1.00257   0.24581   0.55654  
      	     	          	           	          	           	             	                                      	 0.50932   0.18771  -0.76833   0.07131  
      	     	          	           	          	           	             	                                      	 0.16758   1.13186   0.18991  -1.48935  
  #83	14   	-9749.55671	Yes        	4        	3.248    	0.309    	 0.21687   0.27001   0.38307   0.13005	-1.10534   0.22222   0.75944   0.12368  
      	     	          	           	          	           	             	                                      	 0.17849  -1.04128   0.25158   0.61121  
      	     	          	           	          	           	             	                                      	 0.42995   0.17733  -0.67859   0.07131  
      	     	          	           	          	           	             	                                      	 0.20626   1.26906   0.21007  -1.68538  
  #84	14   	-9916.68352	Yes        	4        	2.070    	0.248    	 0.23358   0.27112   0.36801   0.12729	-0.95579   0.20876   0.66102   0.08601  
      	     	          	           	          	           	             	                                      	 0.17986  -1.11035   0.29711   0.63338  
      	     	          	           	          	           	             	                                      	 0.41956   0.21889  -0.70493   0.06649  
      	     	          	           	          	           	             	                                      	 0.15784   1.34912   0.19223  -1.69918  
  #85	14   	-10220.45882	Yes        	4        	1.908    	0.243    	 0.22094   0.26534   0.38251   0.13122	-1.15685   0.22960   0.81357   0.11368  
      	     	          	           	          	           	             	                                      	 0.19118  -1.03103   0.28042   0.55943  
      	     	          	           	          	           	             	                                      	 0.46991   0.19452  -0.72081   0.05638  
      	     	          	           	          	           	             	                                      	 0.19141   1.13125   0.16436  -1.48702  
  #86	14   	-9682.17923	Yes        	4        	1.066    	0.161    	 0.24208   0.28532   0.33357   0.13903	-0.99602   0.23940   0.64993   0.10669  
      	     	          	           	          	           	             	                                      	 0.20312  -1.01618   0.24540   0.56767  
      	     	          	           	          	           	             	                                      	 0.47166   0.20990  -0.76220   0.08064  
      	     	          	           	          	           	             	                                      	 0.18577   1.16503   0.19349  -1.54428  
  #87	14   	-9702.81530	Yes        	4        	1.973    	0.268    	 0.23787   0.26322   0.35364   0.14527	-1.11631   0.23311   0.77443   0.10878  
      	     	          	           	          	           	             	                                      	 0.21066  -1.00766   0.22560   0.57140  
      	     	          	           	          	           	             	                                      	 0.52092   0.16791  -0.75861   0.06978  
      	     	          	           	          	           	             	                                      	 0.17811   1.03530   0.16987  -1.38328  
  #88	14   	-10013.60955	Yes        	4        	2.540    	0.271    	 0.23984   0.28314   0.35007   0.12696	-1.01308   0.21374   0.69309   0.10625  
      	     	          	           	          	           	             	                                      	 0.18106  -0.98282   0.25736   0.54440  
      	     	          	           	          	           	             	                                      	 0.47485   0.20816  -0.76875   0.08574  
      	     	          	           	          	           	             	                                      	 0.20071   1.21410   0.23641  -1.65122  
  #89	14   	-9588.30425	Yes        	4        	1.569    	0.188    	 0.23092   0.27085   0.35776   0.14047	-1.04469   0.26166   0.72148   0.06154  
      	     	          	           	          	           	             	                                      	 0.22309  -1.07096   0.25692   0.59095  
      	     	          	           	          	           	             	                                      	 0.46568   0.19450  -0.74158   0.08140  
      	     	          	           	          	           	             	                                      	 0.10116   1.13939   0.20731  -1.44787  
  #90	14   	-10119.72645	Yes        	4        	3.202    	0.282    	 0.25382   0.25842   0.36454   0.12323	-0.99034   0.20548   0.68706   0.09780  
      	     	          	           	          	           	             	                                      	 0.20182  -1.05288   0.29723   0.55383  
      	     	          	           	          	           	             	                                      	 0.47838   0.21070  -0.76782   0.07874  
      	     	          	           	          	           	             	                                      	 0.20145   1.16145   0.23294  -1.59584  
  #91	14   	-9836.68302	Yes        	4        	2.027    	0.246    	 0.24540   0.27164   0.36045   0.12251	-1.01003   0.24089   0.68771   0.08142  
      	     	          	           	          	           	             	                                      	 0.21763  -1.04620   0.23740   0.59118  
      	     	          	           	          	           	             	                                      	 0.46820   0.17890  -0.72219   0.07509  
      	     	          	           	          	           	             	                                      	 0.16310   1.31082   0.22095  -1.69487  
  #92	14   	-9707.02781	Yes        	4        	3.190    	0.296    	 0.22322   0.28111   0.35134   0.14433	-1.11183   0.25251   0.72974   0.12957  
      	     	          	           	          	           	             	                                      	 0.20052  -1.01184   0.21796   0.59337  
      	     	          	           	          	           	             	                                      	 0.46364   0.17439  -0.70561   0.06758  
      	     	          	           	          	           	             	                                      	 0.20040   1.15570   0.16450  -1.52060  
  #93	14   	-10076.66219	Yes        	4        	2.568    	0.233    	 0.23411   0.28679   0.33531   0.14378	-1.00533   0.21302   0.69671   0.09560  
      	     	          	           	          	           	             	                                      	 0.17389  -0.99782   0.22669   0.59724  
      	     	          	           	          	           	             	                                      	 0.48643   0.19388  -0.76485   0.08453  
      	     	          	           	          	           	             	                                      	 0.15566   1.19126   0.19714  -1.54406  
  #94	14   	-9853.61424	Yes        	4        	1.597    	0.200    	 0.24005   0.26981   0.36311   0.12703	-1.11395   0.21809   0.80225   0.09360  
      	     	          	           	          	           	             	                                      	 0.19403  -0.94538   0.23498   0.51636  
      	     	          	           	          	           	             	                                      	 0.53035   0.17460  -0.78724   0.08229  
      	     	          	           	          	           	             	                                      	 0.17688   1.09675   0.23522  -1.50886  
  #95	14   	-10260.39596	Yes        	4        	2.363    	0.279    	 0.24147   0.27167   0.35077   0.13610	-1.02109   0.18812   0.75164   0.08132  
      	     	          	           	          	           	             	                                      	 0.16721  -0.99558   0.25971   0.56867  
      	     	          	           	          	           	             	                                      	 0.51743   0.20114  -0.79954   0.08096  
      	     	          	           	          	           	             	                                      	 0.14429   1.13510   0.20866  -1.48805  
  #96	14   	-9792.08873	Yes        	4        	1.758    	0.234    	 0.23195   0.28394   0.34876   0.13535	-1.01072   0.21099   0.69570   0.10402  
      	     	          	           	          	           	             	                                      	 0.17236  -1.00558   0.22231   0.61091  
      	     	          	           	          	           	             	                                      	 0.46268   0.18098  -0.72677   0.08311  
      	     	          	           	          	           	             	                                      	 0.17826   1.28153   0.21416  -1.67394  
  #97	14   	-9612.62002	Yes        	4        	5.181    	0.335    	 0.23652   0.27021   0.36848   0.12479	-1.07740   0.22190   0.75945   0.09606  
      	     	          	           	          	           	             	                                      	 0.19423  -0.99993   0.24101   0.56470  
      	     	          	           	          	           	             	                                      	 0.48748   0.17674  -0.73875   0.07453  
      	     	          	           	          	           	             	                                      	 0.18206   1.22271   0.22008  -1.62484  
  #98	14   	-9970.05556	Yes        	4        	1.558    	0.214    	 0.22796   0.26205   0.38674   0.12324	-1.17656   0.24908   0.85285   0.07462  
      	     	          	           	          	           	             	                                      	 0.21669  -0.99717   0.23351   0.54697  
      	     	          	           	          	           	             	                                      	 0.50271   0.15822  -0.73142   0.07049  
      	     	          	           	          	           	             	                                      	 0.13803   1.16302   0.22120  -1.52225  
  #99	14   	-9867.34421	Yes        	4        	1.342    	0.203    	 0.24436   0.27686   0.34455   0.13423	-1.05079   0.21782   0.73538   0.09758  
      	     	          	           	          	           	             	                                      	 0.19226  -0.97124   0.23419   0.54479  
      	     	          	           	          	           	             	                                      	 0.52155   0.18818  -0.78971   0.07999  
      	     	          	           	          	           	             	                                      	 0.17765   1.12369   0.20532  -1.50666  
  #100	14   	-9955.17020	Yes        	4        	2.756    	0.275    	 0.24231   0.25687   0.36869   0.13214	-1.01128   0.22872   0.70132   0.08124  
      	     	          	           	          	           	             	                                      	 0.21575  -1.09505   0.27241   0.60689  
      	     	          	           	          	           	             	                                      	 0.46092   0.18979  -0.72962   0.07891  
      	     	          	           	          	           	             	                                      	 0.14898   1.17979   0.22018  -1.54895  
