. Sequence file : [PNMAseqsToAlign3.fa.nonRedundant.group_PNMA_MOAP1_aln2_NT.fa.phyml]

. Model of nucleotides substitution : GTR

. Initial tree : [BioNJ]


. Data	Nb of 	Likelihood	Discrete   	Number of 	Gamma shape	Proportion of	Nucleotides frequencies               	Instantaneous rate matrix              	
  set	taxa	loglk     	gamma model	categories	parameter  	invariant    	f(A)      f(C)      f(G)      f(T)    	[A---------C---------G---------T------]	

  #1	14   	-6589.94348	Yes        	4        	1.429    	0.055    	 0.28129   0.22232   0.29319   0.20319	-1.02223   0.21865   0.65778   0.14580  
      	     	          	           	          	           	             	                                      	 0.27664  -1.09833   0.15294   0.66874  
      	     	          	           	          	           	             	                                      	 0.63107   0.11597  -0.84861   0.10157  
      	     	          	           	          	           	             	                                      	 0.20184   0.73169   0.14655  -1.08009  
  #2	14   	-6395.42052	Yes        	4        	1.951    	0.121    	 0.26454   0.20251   0.30805   0.22491	-1.08968   0.21270   0.71149   0.16549  
      	     	          	           	          	           	             	                                      	 0.27785  -1.15447   0.22932   0.64729  
      	     	          	           	          	           	             	                                      	 0.61100   0.15075  -0.87284   0.11109  
      	     	          	           	          	           	             	                                      	 0.19465   0.58282   0.15215  -0.92961  
  #3	14   	-6877.71469	Yes        	4        	1.898    	0.050    	 0.25722   0.21394   0.29316   0.23568	-1.15929   0.22217   0.75021   0.18691  
      	     	          	           	          	           	             	                                      	 0.26712  -1.05080   0.20759   0.57609  
      	     	          	           	          	           	             	                                      	 0.65823   0.15149  -0.92621   0.11648  
      	     	          	           	          	           	             	                                      	 0.20399   0.52294   0.14489  -0.87182  
  #4	14   	-6900.31360	Yes        	4        	2.120    	0.089    	 0.28127   0.21017   0.28052   0.22803	-1.05521   0.17183   0.73255   0.15083  
      	     	          	           	          	           	             	                                      	 0.22997  -1.02604   0.17730   0.61878  
      	     	          	           	          	           	             	                                      	 0.73451   0.13283  -0.99526   0.12792  
      	     	          	           	          	           	             	                                      	 0.18604   0.57031   0.15736  -0.91372  
  #5	14   	-6614.91732	Yes        	4        	2.353    	0.135    	 0.25890   0.22094   0.30177   0.21839	-1.11732   0.22141   0.74263   0.15328  
      	     	          	           	          	           	             	                                      	 0.25945  -1.04493   0.17379   0.61168  
      	     	          	           	          	           	             	                                      	 0.63715   0.12724  -0.88759   0.12320  
      	     	          	           	          	           	             	                                      	 0.18171   0.61884   0.17024  -0.97079  
  #6	14   	-6705.27114	Yes        	4        	2.308    	0.118    	 0.26879   0.22333   0.27071   0.23716	-1.05365   0.19606   0.68567   0.17193  
      	     	          	           	          	           	             	                                      	 0.23597  -1.09324   0.16274   0.69453  
      	     	          	           	          	           	             	                                      	 0.68081   0.13426  -0.90863   0.09356  
      	     	          	           	          	           	             	                                      	 0.19486   0.65403   0.10679  -0.95568  
  #7	14   	-6687.53290	Yes        	4        	1.018    	0.000    	 0.26384   0.20472   0.29066   0.24078	-1.02163   0.15934   0.70666   0.15564  
      	     	          	           	          	           	             	                                      	 0.20535  -1.14756   0.23421   0.70799  
      	     	          	           	          	           	             	                                      	 0.64145   0.16496  -0.93565   0.12924  
      	     	          	           	          	           	             	                                      	 0.17054   0.60197   0.15601  -0.92851  
  #8	14   	-6689.47164	Yes        	4        	1.825    	0.050    	 0.27431   0.20968   0.27165   0.24436	-1.05815   0.19321   0.70354   0.16140  
      	     	          	           	          	           	             	                                      	 0.25276  -1.09282   0.18822   0.65184  
      	     	          	           	          	           	             	                                      	 0.71044   0.14529  -0.97938   0.12365  
      	     	          	           	          	           	             	                                      	 0.18119   0.55934   0.13746  -0.87799  
  #9	14   	-6813.12525	Yes        	4        	1.501    	0.017    	 0.26128   0.19659   0.29824   0.24389	-1.07411   0.16971   0.75724   0.14716  
      	     	          	           	          	           	             	                                      	 0.22555  -1.15194   0.18523   0.74116  
      	     	          	           	          	           	             	                                      	 0.66339   0.12210  -0.91035   0.12486  
      	     	          	           	          	           	             	                                      	 0.15765   0.59742   0.15268  -0.90776  
  #10	14   	-6540.82970	Yes        	4        	1.140    	0.000    	 0.26366   0.21455   0.30600   0.21579	-1.11666   0.18521   0.78039   0.15106  
      	     	          	           	          	           	             	                                      	 0.22760  -1.05200   0.18271   0.64169  
      	     	          	           	          	           	             	                                      	 0.67242   0.12811  -0.89433   0.09380  
      	     	          	           	          	           	             	                                      	 0.18457   0.63803   0.13301  -0.95561  
  #11	14   	-6483.97433	Yes        	4        	1.484    	0.066    	 0.27638   0.22488   0.28192   0.21681	-1.05777   0.19760   0.71455   0.14562  
      	     	          	           	          	           	             	                                      	 0.24285  -0.99551   0.18933   0.56332  
      	     	          	           	          	           	             	                                      	 0.70051   0.15103  -0.98771   0.13617  
      	     	          	           	          	           	             	                                      	 0.18564   0.58429   0.17707  -0.94699  
  #12	14   	-6639.55018	Yes        	4        	1.219    	0.025    	 0.26709   0.21504   0.28637   0.23149	-1.05161   0.19265   0.73318   0.12578  
      	     	          	           	          	           	             	                                      	 0.23929  -1.11266   0.24131   0.63206  
      	     	          	           	          	           	             	                                      	 0.68382   0.18120  -0.97436   0.10934  
      	     	          	           	          	           	             	                                      	 0.14513   0.58712   0.13526  -0.86752  
  #13	14   	-6878.18511	Yes        	4        	2.057    	0.130    	 0.27308   0.19394   0.29985   0.23313	-1.04704   0.19444   0.69483   0.15777  
      	     	          	           	          	           	             	                                      	 0.27380  -1.20302   0.19332   0.73590  
      	     	          	           	          	           	             	                                      	 0.63280   0.12504  -0.87077   0.11294  
      	     	          	           	          	           	             	                                      	 0.18480   0.61217   0.14526  -0.94223  
  #14	14   	-6604.59412	Yes        	4        	1.913    	0.071    	 0.28143   0.20629   0.30620   0.20608	-0.99719   0.17474   0.68367   0.13878  
      	     	          	           	          	           	             	                                      	 0.23839  -1.11448   0.14803   0.72806  
      	     	          	           	          	           	             	                                      	 0.62837   0.09973  -0.85427   0.12617  
      	     	          	           	          	           	             	                                      	 0.18952   0.72879   0.18747  -1.10579  
  #15	14   	-6728.10349	Yes        	4        	1.299    	0.028    	 0.28808   0.19625   0.29508   0.22060	-1.00420   0.14873   0.71140   0.14408  
      	     	          	           	          	           	             	                                      	 0.21833  -1.15522   0.18422   0.75267  
      	     	          	           	          	           	             	                                      	 0.69451   0.12252  -0.90803   0.09100  
      	     	          	           	          	           	             	                                      	 0.18815   0.66958   0.12173  -0.97946  
  #16	14   	-6767.96641	Yes        	4        	1.674    	0.062    	 0.27651   0.20869   0.31774   0.19707	-1.11728   0.19711   0.73821   0.18196  
      	     	          	           	          	           	             	                                      	 0.26116  -1.03962   0.17805   0.60041  
      	     	          	           	          	           	             	                                      	 0.64242   0.11694  -0.84942   0.09005  
      	     	          	           	          	           	             	                                      	 0.25530   0.63579   0.14519  -1.03627  
  #17	14   	-6600.53568	Yes        	4        	2.611    	0.165    	 0.27750   0.21727   0.28177   0.22346	-1.01412   0.15843   0.69690   0.15878  
      	     	          	           	          	           	             	                                      	 0.20236  -1.04197   0.18331   0.65630  
      	     	          	           	          	           	             	                                      	 0.68635   0.14135  -0.95602   0.12833  
      	     	          	           	          	           	             	                                      	 0.19718   0.63811   0.16181  -0.99710  
  #18	14   	-6628.96418	Yes        	4        	1.515    	0.000    	 0.27918   0.20061   0.28939   0.23082	-0.96058   0.18318   0.64750   0.12990  
      	     	          	           	          	           	             	                                      	 0.25493  -1.25397   0.16997   0.82908  
      	     	          	           	          	           	             	                                      	 0.62467   0.11783  -0.85101   0.10851  
      	     	          	           	          	           	             	                                      	 0.15712   0.72058   0.13605  -1.01375  
  #19	14   	-6809.47856	Yes        	4        	1.792    	0.078    	 0.27560   0.20429   0.29690   0.22322	-1.10111   0.19180   0.76625   0.14306  
      	     	          	           	          	           	             	                                      	 0.25875  -1.06234   0.17175   0.63184  
      	     	          	           	          	           	             	                                      	 0.71127   0.11818  -0.93849   0.10905  
      	     	          	           	          	           	             	                                      	 0.17662   0.57826   0.14504  -0.89992  
  #20	14   	-6611.94238	Yes        	4        	1.300    	0.000    	 0.27684   0.19368   0.30858   0.22090	-0.99793   0.15497   0.72775   0.11521  
      	     	          	           	          	           	             	                                      	 0.22150  -1.17112   0.23281   0.71681  
      	     	          	           	          	           	             	                                      	 0.65289   0.14612  -0.92802   0.12901  
      	     	          	           	          	           	             	                                      	 0.14439   0.62849   0.18023  -0.95311  
  #21	14   	-6794.43426	Yes        	4        	1.903    	0.026    	 0.28976   0.20466   0.28832   0.21727	-0.97211   0.21541   0.63835   0.11835  
      	     	          	           	          	           	             	                                      	 0.30498  -1.23622   0.22591   0.70534  
      	     	          	           	          	           	             	                                      	 0.64154   0.16036  -0.89810   0.09620  
      	     	          	           	          	           	             	                                      	 0.15784   0.66441   0.12766  -0.94990  
  #22	14   	-6680.91804	Yes        	4        	1.803    	0.079    	 0.28612   0.18756   0.29112   0.23520	-1.03249   0.16528   0.70901   0.15820  
      	     	          	           	          	           	             	                                      	 0.25215  -1.13072   0.23453   0.64404  
      	     	          	           	          	           	             	                                      	 0.69684   0.15110  -0.98463   0.13670  
      	     	          	           	          	           	             	                                      	 0.19246   0.51359   0.16921  -0.87525  
  #23	14   	-6649.50458	Yes        	4        	1.262    	0.000    	 0.26320   0.21406   0.30780   0.21494	-1.09511   0.23528   0.72921   0.13062  
      	     	          	           	          	           	             	                                      	 0.28929  -1.12678   0.17895   0.65854  
      	     	          	           	          	           	             	                                      	 0.62355   0.12445  -0.85357   0.10557  
      	     	          	           	          	           	             	                                      	 0.15994   0.65584   0.15118  -0.96697  
  #24	14   	-6760.34918	Yes        	4        	1.537    	0.085    	 0.26820   0.21319   0.29488   0.22373	-1.06743   0.20616   0.71598   0.14529  
      	     	          	           	          	           	             	                                      	 0.25936  -1.06870   0.20192   0.60743  
      	     	          	           	          	           	             	                                      	 0.65119   0.14598  -0.93679   0.13963  
      	     	          	           	          	           	             	                                      	 0.17417   0.57882   0.18403  -0.93702  
  #25	14   	-6795.02306	Yes        	4        	1.552    	0.000    	 0.28738   0.19855   0.29986   0.21421	-1.01764   0.17182   0.69676   0.14906  
      	     	          	           	          	           	             	                                      	 0.24869  -1.12309   0.19200   0.68240  
      	     	          	           	          	           	             	                                      	 0.66775   0.12713  -0.90806   0.11318  
      	     	          	           	          	           	             	                                      	 0.19999   0.63253   0.15843  -0.99094  
  #26	14   	-6828.32779	Yes        	4        	1.478    	0.043    	 0.25628   0.21710   0.30383   0.22279	-1.04349   0.20539   0.67732   0.16078  
      	     	          	           	          	           	             	                                      	 0.24246  -1.14328   0.19657   0.70426  
      	     	          	           	          	           	             	                                      	 0.57132   0.14045  -0.83358   0.12180  
      	     	          	           	          	           	             	                                      	 0.18494   0.68626   0.16611  -1.03730  
  #27	14   	-6576.77467	Yes        	4        	3.054    	0.118    	 0.27308   0.20615   0.29943   0.22134	-1.09831   0.19561   0.76699   0.13571  
      	     	          	           	          	           	             	                                      	 0.25912  -1.06340   0.21984   0.58444  
      	     	          	           	          	           	             	                                      	 0.69949   0.15135  -0.96531   0.11446  
      	     	          	           	          	           	             	                                      	 0.16743   0.54432   0.15484  -0.86659  
  #28	14   	-6835.07933	Yes        	4        	1.380    	0.000    	 0.27282   0.18666   0.31727   0.22325	-1.04501   0.20895   0.68484   0.15123  
      	     	          	           	          	           	             	                                      	 0.30540  -1.28520   0.26180   0.71800  
      	     	          	           	          	           	             	                                      	 0.58890   0.15403  -0.84382   0.10089  
      	     	          	           	          	           	             	                                      	 0.18480   0.60031   0.14338  -0.92849  
  #29	14   	-6633.83392	Yes        	4        	1.372    	0.000    	 0.26593   0.21910   0.28193   0.23305	-1.09550   0.20917   0.71696   0.16937  
      	     	          	           	          	           	             	                                      	 0.25388  -1.04479   0.16955   0.62136  
      	     	          	           	          	           	             	                                      	 0.67628   0.13177  -0.93356   0.12551  
      	     	          	           	          	           	             	                                      	 0.19327   0.58418   0.15184  -0.92929  
  #30	14   	-6857.32369	Yes        	4        	1.594    	0.000    	 0.28904   0.18039   0.32067   0.20990	-0.99483   0.17492   0.66663   0.15329  
      	     	          	           	          	           	             	                                      	 0.28027  -1.23333   0.22150   0.73157  
      	     	          	           	          	           	             	                                      	 0.60087   0.12461  -0.85187   0.12638  
      	     	          	           	          	           	             	                                      	 0.21108   0.62873   0.19308  -1.03289  
  #31	14   	-6780.58415	Yes        	4        	2.357    	0.115    	 0.25656   0.20396   0.29228   0.24720	-1.08230   0.16604   0.76234   0.15392  
      	     	          	           	          	           	             	                                      	 0.20886  -1.10611   0.23425   0.66299  
      	     	          	           	          	           	             	                                      	 0.66916   0.16347  -0.96717   0.13454  
      	     	          	           	          	           	             	                                      	 0.15975   0.54703   0.15908  -0.86585  
  #32	14   	-6919.94992	Yes        	4        	3.344    	0.140    	 0.28736   0.19598   0.29288   0.22378	-1.04155   0.18065   0.70318   0.15773  
      	     	          	           	          	           	             	                                      	 0.26489  -1.08797   0.17880   0.64428  
      	     	          	           	          	           	             	                                      	 0.68992   0.11965  -0.94407   0.13450  
      	     	          	           	          	           	             	                                      	 0.20254   0.56424   0.17603  -0.94280  
  #33	14   	-6723.48543	Yes        	4        	2.043    	0.138    	 0.25490   0.20824   0.29726   0.23960	-1.12287   0.14061   0.81695   0.16531  
      	     	          	           	          	           	             	                                      	 0.17211  -1.01174   0.19436   0.64526  
      	     	          	           	          	           	             	                                      	 0.70054   0.13616  -0.96768   0.13098  
      	     	          	           	          	           	             	                                      	 0.17587   0.56081   0.16250  -0.89918  
  #34	14   	-6383.47404	Yes        	4        	1.254    	0.000    	 0.25779   0.20073   0.30667   0.23480	-1.05082   0.18240   0.72499   0.14344  
      	     	          	           	          	           	             	                                      	 0.23424  -1.19249   0.22530   0.73294  
      	     	          	           	          	           	             	                                      	 0.60942   0.14747  -0.87675   0.11986  
      	     	          	           	          	           	             	                                      	 0.15748   0.62660   0.15654  -0.94062  
  #35	14   	-6491.83685	Yes        	4        	1.720    	0.128    	 0.28521   0.18282   0.29730   0.23467	-1.00149   0.18074   0.68182   0.13893  
      	     	          	           	          	           	             	                                      	 0.28197  -1.27560   0.24878   0.74485  
      	     	          	           	          	           	             	                                      	 0.65408   0.15298  -0.91710   0.11004  
      	     	          	           	          	           	             	                                      	 0.16884   0.58026   0.13941  -0.88852  
  #36	14   	-6684.66330	Yes        	4        	2.182    	0.075    	 0.26573   0.20246   0.29199   0.23981	-1.03219   0.19349   0.67907   0.15962  
      	     	          	           	          	           	             	                                      	 0.25396  -1.17352   0.23547   0.68409  
      	     	          	           	          	           	             	                                      	 0.61800   0.16327  -0.91668   0.13541  
      	     	          	           	          	           	             	                                      	 0.17688   0.57754   0.16487  -0.91929  
  #37	14   	-6531.62709	Yes        	4        	1.203    	0.000    	 0.29601   0.18849   0.28618   0.22931	-1.04228   0.19532   0.69351   0.15345  
      	     	          	           	          	           	             	                                      	 0.30673  -1.17478   0.17995   0.68809  
      	     	          	           	          	           	             	                                      	 0.71733   0.11852  -0.93319   0.09733  
      	     	          	           	          	           	             	                                      	 0.19808   0.56559   0.12147  -0.88514  
  #38	14   	-6811.10505	Yes        	4        	1.595    	0.080    	 0.27557   0.20336   0.29623   0.22484	-1.05490   0.20200   0.71214   0.14076  
      	     	          	           	          	           	             	                                      	 0.27372  -1.13473   0.20083   0.66018  
      	     	          	           	          	           	             	                                      	 0.66250   0.13787  -0.91582   0.11545  
      	     	          	           	          	           	             	                                      	 0.17252   0.59714   0.15211  -0.92176  
  #39	14   	-6855.14472	Yes        	4        	1.727    	0.083    	 0.26896   0.19539   0.29243   0.24322	-1.08374   0.16345   0.73371   0.18659  
      	     	          	           	          	           	             	                                      	 0.22499  -1.12856   0.21935   0.68422  
      	     	          	           	          	           	             	                                      	 0.67482   0.14656  -0.93070   0.10932  
      	     	          	           	          	           	             	                                      	 0.20634   0.54966   0.13144  -0.88743  
  #40	14   	-6464.63270	Yes        	4        	1.658    	0.093    	 0.26820   0.22041   0.29240   0.21898	-1.07213   0.20808   0.71392   0.15012  
      	     	          	           	          	           	             	                                      	 0.25320  -1.09181   0.18289   0.65572  
      	     	          	           	          	           	             	                                      	 0.65483   0.13786  -0.88712   0.09443  
      	     	          	           	          	           	             	                                      	 0.18387   0.66002   0.12609  -0.96998  
  #41	14   	-7040.37855	Yes        	4        	1.700    	0.000    	 0.27174   0.20440   0.29373   0.23013	-1.02172   0.16846   0.67350   0.17976  
      	     	          	           	          	           	             	                                      	 0.22396  -1.10895   0.18216   0.70284  
      	     	          	           	          	           	             	                                      	 0.62307   0.12676  -0.89100   0.14117  
      	     	          	           	          	           	             	                                      	 0.21226   0.62427   0.18019  -1.01672  
  #42	14   	-6504.46992	Yes        	4        	1.668    	0.101    	 0.29968   0.18695   0.29510   0.21828	-0.97129   0.18305   0.66029   0.12795  
      	     	          	           	          	           	             	                                      	 0.29343  -1.22009   0.26237   0.66430  
      	     	          	           	          	           	             	                                      	 0.67054   0.16621  -0.95769   0.12094  
      	     	          	           	          	           	             	                                      	 0.17566   0.56895   0.16350  -0.90811  
  #43	14   	-6752.57926	Yes        	4        	1.653    	0.094    	 0.26231   0.23182   0.27240   0.23347	-1.09258   0.19248   0.73059   0.16951  
      	     	          	           	          	           	             	                                      	 0.21780  -1.00512   0.16205   0.62527  
      	     	          	           	          	           	             	                                      	 0.70351   0.13790  -0.95482   0.11340  
      	     	          	           	          	           	             	                                      	 0.19045   0.62086   0.13231  -0.94362  
  #44	14   	-6888.33065	Yes        	4        	1.379    	0.012    	 0.27966   0.20096   0.29269   0.22669	-0.98412   0.16336   0.68287   0.13789  
      	     	          	           	          	           	             	                                      	 0.22734  -1.14587   0.21148   0.70706  
      	     	          	           	          	           	             	                                      	 0.65246   0.14520  -0.93498   0.13732  
      	     	          	           	          	           	             	                                      	 0.17011   0.62681   0.17730  -0.97422  
  #45	14   	-6884.62060	Yes        	4        	2.020    	0.063    	 0.25915   0.22597   0.27208   0.24280	-1.07932   0.18647   0.74740   0.14545  
      	     	          	           	          	           	             	                                      	 0.21385  -1.04136   0.17016   0.65735  
      	     	          	           	          	           	             	                                      	 0.71188   0.14132  -0.97560   0.12240  
      	     	          	           	          	           	             	                                      	 0.15524   0.61179   0.13716  -0.90419  
  #46	14   	-6686.43557	Yes        	4        	1.306    	0.000    	 0.26848   0.20432   0.28933   0.23787	-1.02365   0.19099   0.66285   0.16981  
      	     	          	           	          	           	             	                                      	 0.25097  -1.18496   0.20110   0.73289  
      	     	          	           	          	           	             	                                      	 0.61510   0.14201  -0.87579   0.11867  
      	     	          	           	          	           	             	                                      	 0.19167   0.62952   0.14434  -0.96552  
  #47	14   	-6666.84379	Yes        	4        	1.501    	0.000    	 0.26246   0.22705   0.29313   0.21736	-1.13070   0.20443   0.76661   0.15965  
      	     	          	           	          	           	             	                                      	 0.23632  -1.00388   0.20669   0.56086  
      	     	          	           	          	           	             	                                      	 0.68641   0.16010  -0.94530   0.09879  
      	     	          	           	          	           	             	                                      	 0.19278   0.58588   0.13323  -0.91190  
  #48	14   	-6695.13234	Yes        	4        	2.632    	0.139    	 0.27451   0.20532   0.31191   0.20826	-1.03700   0.21396   0.67761   0.14543  
      	     	          	           	          	           	             	                                      	 0.28606  -1.13964   0.19485   0.65873  
      	     	          	           	          	           	             	                                      	 0.59637   0.12826  -0.85312   0.12849  
      	     	          	           	          	           	             	                                      	 0.19169   0.64943   0.19243  -1.03355  
  #49	14   	-6822.62460	Yes        	4        	1.646    	0.064    	 0.27522   0.20644   0.29329   0.22505	-1.07301   0.18819   0.72173   0.16310  
      	     	          	           	          	           	             	                                      	 0.25089  -1.08474   0.17564   0.65820  
      	     	          	           	          	           	             	                                      	 0.67728   0.12363  -0.91187   0.11097  
      	     	          	           	          	           	             	                                      	 0.19946   0.60376   0.14461  -0.94783  
  #50	14   	-6661.08981	Yes        	4        	1.365    	0.000    	 0.27981   0.21378   0.28050   0.22591	-1.00079   0.18550   0.69632   0.11897  
      	     	          	           	          	           	             	                                      	 0.24279  -1.11785   0.22569   0.64937  
      	     	          	           	          	           	             	                                      	 0.69461   0.17201  -0.98391   0.11728  
      	     	          	           	          	           	             	                                      	 0.14735   0.61451   0.14562  -0.90747  
  #51	14   	-6523.40264	Yes        	4        	1.747    	0.028    	 0.26280   0.20392   0.30091   0.23237	-1.13525   0.20765   0.73584   0.19177  
      	     	          	           	          	           	             	                                      	 0.26760  -1.07296   0.21121   0.59414  
      	     	          	           	          	           	             	                                      	 0.64264   0.14313  -0.91015   0.12438  
      	     	          	           	          	           	             	                                      	 0.21688   0.52141   0.16107  -0.89936  
  #52	14   	-6632.22030	Yes        	4        	2.111    	0.131    	 0.28444   0.19983   0.28981   0.22592	-1.01616   0.19428   0.67292   0.14895  
      	     	          	           	          	           	             	                                      	 0.27654  -1.16226   0.17463   0.71109  
      	     	          	           	          	           	             	                                      	 0.66045   0.12042  -0.89809   0.11722  
      	     	          	           	          	           	             	                                      	 0.18753   0.62898   0.15036  -0.96687  
  #53	14   	-6678.38669	Yes        	4        	1.354    	0.000    	 0.25916   0.22429   0.30377   0.21278	-1.08533   0.20378   0.72054   0.16101  
      	     	          	           	          	           	             	                                      	 0.23546  -1.07732   0.21404   0.62782  
      	     	          	           	          	           	             	                                      	 0.61472   0.15803  -0.87120   0.09845  
      	     	          	           	          	           	             	                                      	 0.19611   0.66178   0.14056  -0.99845  
  #54	14   	-7002.42781	Yes        	4        	1.846    	0.057    	 0.28758   0.20141   0.30618   0.20483	-1.04670   0.20362   0.70961   0.13346  
      	     	          	           	          	           	             	                                      	 0.29074  -1.11603   0.22596   0.59933  
      	     	          	           	          	           	             	                                      	 0.66650   0.14864  -0.92217   0.10703  
      	     	          	           	          	           	             	                                      	 0.18738   0.58933   0.15999  -0.93669  
  #55	14   	-6807.41615	Yes        	4        	1.616    	0.000    	 0.27323   0.19850   0.29641   0.23186	-1.02294   0.14740   0.73984   0.13571  
      	     	          	           	          	           	             	                                      	 0.20289  -1.15487   0.22914   0.72284  
      	     	          	           	          	           	             	                                      	 0.68198   0.15344  -0.94182   0.10639  
      	     	          	           	          	           	             	                                      	 0.15992   0.61882   0.13601  -0.91475  
  #56	14   	-6560.07301	Yes        	4        	1.436    	0.000    	 0.26728   0.19343   0.30362   0.23567	-1.10164   0.19097   0.75232   0.15835  
      	     	          	           	          	           	             	                                      	 0.26388  -1.16376   0.16483   0.73505  
      	     	          	           	          	           	             	                                      	 0.66227   0.10501  -0.87099   0.10371  
      	     	          	           	          	           	             	                                      	 0.17959   0.60331   0.13362  -0.91652  
  #57	14   	-6706.22488	Yes        	4        	1.531    	0.059    	 0.27631   0.21814   0.30433   0.20122	-1.04283   0.18707   0.73052   0.12524  
      	     	          	           	          	           	             	                                      	 0.23696  -1.05932   0.19101   0.63136  
      	     	          	           	          	           	             	                                      	 0.66326   0.13691  -0.90684   0.10667  
      	     	          	           	          	           	             	                                      	 0.17198   0.68446   0.16134  -1.01777  
  #58	14   	-6798.46291	Yes        	4        	1.615    	0.092    	 0.27845   0.20615   0.27066   0.24474	-1.02874   0.19514   0.66756   0.16605  
      	     	          	           	          	           	             	                                      	 0.26357  -1.13338   0.21499   0.65481  
      	     	          	           	          	           	             	                                      	 0.68677   0.16375  -0.97702   0.12651  
      	     	          	           	          	           	             	                                      	 0.18892   0.55155   0.13990  -0.88036  
  #59	14   	-6716.75118	Yes        	4        	1.281    	0.000    	 0.26243   0.21347   0.28551   0.23859	-1.07110   0.22189   0.70769   0.14151  
      	     	          	           	          	           	             	                                      	 0.27278  -1.13648   0.18160   0.68210  
      	     	          	           	          	           	             	                                      	 0.65048   0.13578  -0.90724   0.12098  
      	     	          	           	          	           	             	                                      	 0.15565   0.61027   0.14477  -0.91069  
  #60	14   	-6893.31894	Yes        	4        	1.450    	0.090    	 0.26319   0.21562   0.28981   0.23138	-1.02131   0.16151   0.70016   0.15965  
      	     	          	           	          	           	             	                                      	 0.19714  -1.15919   0.24427   0.71777  
      	     	          	           	          	           	             	                                      	 0.63585   0.18174  -0.89960   0.08201  
      	     	          	           	          	           	             	                                      	 0.18159   0.66886   0.10272  -0.95317  
  #61	14   	-6814.25104	Yes        	4        	3.732    	0.118    	 0.25572   0.21363   0.30782   0.22283	-1.13045   0.17564   0.78219   0.17262  
      	     	          	           	          	           	             	                                      	 0.21024  -1.04018   0.19636   0.63358  
      	     	          	           	          	           	             	                                      	 0.64981   0.13628  -0.89529   0.10921  
      	     	          	           	          	           	             	                                      	 0.19810   0.60744   0.15087  -0.95641  
  #62	14   	-6532.48826	Yes        	4        	0.970    	0.000    	 0.30576   0.19281   0.26346   0.23798	-0.93265   0.14214   0.66349   0.12703  
      	     	          	           	          	           	             	                                      	 0.22541  -1.15932   0.27747   0.65645  
      	     	          	           	          	           	             	                                      	 0.77004   0.20306  -1.10505   0.13196  
      	     	          	           	          	           	             	                                      	 0.16321   0.53185   0.14609  -0.84115  
  #63	14   	-6721.42620	Yes        	4        	1.261    	0.006    	 0.25986   0.23021   0.27658   0.23334	-1.03522   0.20022   0.71123   0.12377  
      	     	          	           	          	           	             	                                      	 0.22601  -1.06208   0.18267   0.65340  
      	     	          	           	          	           	             	                                      	 0.66822   0.15205  -0.95951   0.13924  
      	     	          	           	          	           	             	                                      	 0.13783   0.64464   0.16505  -0.94752  
  #64	14   	-6595.52994	Yes        	4        	1.913    	0.102    	 0.27122   0.22971   0.28604   0.21303	-1.07786   0.21299   0.72176   0.14312  
      	     	          	           	          	           	             	                                      	 0.25148  -1.01749   0.16269   0.60332  
      	     	          	           	          	           	             	                                      	 0.68435   0.13065  -0.92584   0.11083  
      	     	          	           	          	           	             	                                      	 0.18221   0.65057   0.14881  -0.98159  
  #65	14   	-6706.32373	Yes        	4        	2.907    	0.159    	 0.26419   0.20683   0.31028   0.21871	-0.96566   0.16351   0.65899   0.14317  
      	     	          	           	          	           	             	                                      	 0.20886  -1.22078   0.23201   0.77991  
      	     	          	           	          	           	             	                                      	 0.56110   0.15466  -0.83046   0.11471  
      	     	          	           	          	           	             	                                      	 0.17293   0.73754   0.16273  -1.07321  
  #66	14   	-6846.82950	Yes        	4        	1.584    	0.021    	 0.27185   0.21375   0.28276   0.23164	-1.03430   0.19002   0.66580   0.17848  
      	     	          	           	          	           	             	                                      	 0.24168  -1.10154   0.23699   0.62287  
      	     	          	           	          	           	             	                                      	 0.64010   0.17915  -0.94314   0.12390  
      	     	          	           	          	           	             	                                      	 0.20945   0.57476   0.15124  -0.93546  
  #67	14   	-6645.41908	Yes        	4        	2.261    	0.106    	 0.27661   0.21680   0.28372   0.22287	-1.02506   0.18604   0.69343   0.14559  
      	     	          	           	          	           	             	                                      	 0.23737  -1.08369   0.20370   0.64261  
      	     	          	           	          	           	             	                                      	 0.67604   0.15565  -0.94794   0.11625  
      	     	          	           	          	           	             	                                      	 0.18069   0.62509   0.14798  -0.95376  
  #68	14   	-6719.23847	Yes        	4        	2.465    	0.087    	 0.25989   0.21613   0.29193   0.23205	-1.08236   0.18548   0.72506   0.17182  
      	     	          	           	          	           	             	                                      	 0.22303  -1.07916   0.19525   0.66088  
      	     	          	           	          	           	             	                                      	 0.64549   0.14456  -0.90538   0.11533  
      	     	          	           	          	           	             	                                      	 0.19244   0.61554   0.14509  -0.95307  
  #69	14   	-6731.16209	Yes        	4        	1.327    	0.037    	 0.28537   0.20284   0.29856   0.21323	-0.99681   0.16152   0.69112   0.14417  
      	     	          	           	          	           	             	                                      	 0.22724  -1.13915   0.17756   0.73435  
      	     	          	           	          	           	             	                                      	 0.66060   0.12064  -0.88360   0.10237  
      	     	          	           	          	           	             	                                      	 0.19295   0.69858   0.14334  -1.03487  
  #70	14   	-6554.11311	Yes        	4        	1.322    	0.000    	 0.27293   0.18617   0.29252   0.24838	-1.07748   0.23723   0.70361   0.13664  
      	     	          	           	          	           	             	                                      	 0.34778  -1.27156   0.23995   0.68383  
      	     	          	           	          	           	             	                                      	 0.65649   0.15271  -0.92525   0.11605  
      	     	          	           	          	           	             	                                      	 0.15015   0.51254   0.13667  -0.79935  
  #71	14   	-6641.91143	Yes        	4        	1.246    	0.025    	 0.27104   0.19764   0.29389   0.23743	-1.06814   0.18695   0.75773   0.12347  
      	     	          	           	          	           	             	                                      	 0.25638  -1.15422   0.19207   0.70577  
      	     	          	           	          	           	             	                                      	 0.69883   0.12917  -0.94042   0.11241  
      	     	          	           	          	           	             	                                      	 0.14095   0.58750   0.13914  -0.86759  
  #72	14   	-6565.98082	Yes        	4        	1.827    	0.124    	 0.26214   0.20587   0.29736   0.23462	-1.11380   0.19434   0.77237   0.14708  
      	     	          	           	          	           	             	                                      	 0.24746  -1.12201   0.20007   0.67448  
      	     	          	           	          	           	             	                                      	 0.68089   0.13852  -0.91350   0.09409  
      	     	          	           	          	           	             	                                      	 0.16434   0.59183   0.11925  -0.87542  
  #73	14   	-6700.77236	Yes        	4        	2.179    	0.095    	 0.28429   0.19665   0.31545   0.20361	-1.03147   0.16691   0.73695   0.12761  
      	     	          	           	          	           	             	                                      	 0.24130  -1.10573   0.21175   0.65269  
      	     	          	           	          	           	             	                                      	 0.66414   0.13200  -0.91273   0.11659  
      	     	          	           	          	           	             	                                      	 0.17817   0.63036   0.18063  -0.98916  
  #74	14   	-6730.32958	Yes        	4        	2.149    	0.088    	 0.26236   0.20788   0.30671   0.22305	-1.10469   0.17489   0.77401   0.15579  
      	     	          	           	          	           	             	                                      	 0.22073  -1.03869   0.20185   0.61612  
      	     	          	           	          	           	             	                                      	 0.66209   0.13681  -0.92975   0.13085  
      	     	          	           	          	           	             	                                      	 0.18325   0.57420   0.17993  -0.93739  
  #75	14   	-6745.56982	Yes        	4        	1.974    	0.110    	 0.28747   0.19496   0.28321   0.23436	-0.98178   0.15830   0.69682   0.12666  
      	     	          	           	          	           	             	                                      	 0.23342  -1.16120   0.18064   0.74714  
      	     	          	           	          	           	             	                                      	 0.70729   0.12435  -0.96188   0.13024  
      	     	          	           	          	           	             	                                      	 0.15537   0.62154   0.15740  -0.93431  
  #76	14   	-6479.17012	Yes        	4        	2.523    	0.152    	 0.25577   0.20871   0.31126   0.22426	-1.06116   0.18361   0.74903   0.12852  
      	     	          	           	          	           	             	                                      	 0.22501  -1.13315   0.20828   0.69985  
      	     	          	           	          	           	             	                                      	 0.61549   0.13966  -0.88061   0.12546  
      	     	          	           	          	           	             	                                      	 0.14658   0.65133   0.17413  -0.97204  
  #77	14   	-6760.78901	Yes        	4        	3.073    	0.149    	 0.28321   0.20090   0.28675   0.22915	-0.99995   0.17839   0.71310   0.10846  
      	     	          	           	          	           	             	                                      	 0.25148  -1.19099   0.22882   0.71070  
      	     	          	           	          	           	             	                                      	 0.70429   0.16031  -0.96247   0.09787  
      	     	          	           	          	           	             	                                      	 0.13404   0.62307   0.12246  -0.87958  
  #78	14   	-6721.56293	Yes        	4        	2.035    	0.075    	 0.25066   0.22540   0.29629   0.22765	-1.10768   0.22446   0.72003   0.16319  
      	     	          	           	          	           	             	                                      	 0.24962  -1.05406   0.18618   0.61826  
      	     	          	           	          	           	             	                                      	 0.60916   0.14163  -0.88925   0.13846  
      	     	          	           	          	           	             	                                      	 0.17969   0.61216   0.18020  -0.97205  
  #79	14   	-6724.13084	Yes        	4        	1.200    	0.000    	 0.27929   0.21020   0.27970   0.23082	-1.04735   0.16928   0.73341   0.14466  
      	     	          	           	          	           	             	                                      	 0.22492  -1.05399   0.18269   0.64638  
      	     	          	           	          	           	             	                                      	 0.73234   0.13729  -0.98841   0.11878  
      	     	          	           	          	           	             	                                      	 0.17503   0.58862   0.14393  -0.90759  
  #80	14   	-6650.45451	Yes        	4        	2.666    	0.138    	 0.26880   0.23051   0.29470   0.20599	-1.02435   0.17816   0.71499   0.13120  
      	     	          	           	          	           	             	                                      	 0.20775  -1.05098   0.20561   0.63762  
      	     	          	           	          	           	             	                                      	 0.65216   0.16082  -0.91574   0.10275  
      	     	          	           	          	           	             	                                      	 0.17121   0.71351   0.14699  -1.03172  
  #81	14   	-6862.09000	Yes        	4        	1.551    	0.000    	 0.27166   0.22042   0.26974   0.23818	-1.00451   0.19836   0.63908   0.16707  
      	     	          	           	          	           	             	                                      	 0.24448  -1.12338   0.18738   0.69152  
      	     	          	           	          	           	             	                                      	 0.64363   0.15312  -0.92054   0.12379  
      	     	          	           	          	           	             	                                      	 0.19055   0.63993   0.14019  -0.97067  
  #82	14   	-6603.68771	Yes        	4        	1.787    	0.078    	 0.25906   0.20726   0.30832   0.22536	-1.12543   0.20820   0.73705   0.18017  
      	     	          	           	          	           	             	                                      	 0.26024  -1.09291   0.20582   0.62685  
      	     	          	           	          	           	             	                                      	 0.61931   0.13836  -0.87398   0.11631  
      	     	          	           	          	           	             	                                      	 0.20712   0.57653   0.15912  -0.94278  
  #83	14   	-6777.23743	Yes        	4        	1.291    	0.045    	 0.27168   0.19590   0.30311   0.22931	-1.03304   0.18631   0.72083   0.12590  
      	     	          	           	          	           	             	                                      	 0.25838  -1.20941   0.23048   0.72056  
      	     	          	           	          	           	             	                                      	 0.64609   0.14896  -0.90404   0.10900  
      	     	          	           	          	           	             	                                      	 0.14915   0.61557   0.14407  -0.90879  
  #84	14   	-6671.25978	Yes        	4        	2.060    	0.072    	 0.26289   0.20844   0.29739   0.23128	-1.07955   0.20041   0.72860   0.15053  
      	     	          	           	          	           	             	                                      	 0.25277  -1.12150   0.18648   0.68225  
      	     	          	           	          	           	             	                                      	 0.64408   0.13070  -0.89286   0.11809  
      	     	          	           	          	           	             	                                      	 0.17112   0.61488   0.15184  -0.93784  
  #85	14   	-6736.32319	Yes        	4        	2.084    	0.082    	 0.27870   0.23748   0.26814   0.21569	-0.99417   0.18337   0.67425   0.13655  
      	     	          	           	          	           	             	                                      	 0.21519  -1.01535   0.17344   0.62672  
      	     	          	           	          	           	             	                                      	 0.70080   0.15361  -0.97713   0.12273  
      	     	          	           	          	           	             	                                      	 0.17644   0.69005   0.15257  -1.01905  
  #86	14   	-6675.90758	Yes        	4        	1.216    	0.000    	 0.27432   0.21961   0.27807   0.22800	-1.02266   0.14982   0.70345   0.16938  
      	     	          	           	          	           	             	                                      	 0.18715  -1.07713   0.23494   0.65504  
      	     	          	           	          	           	             	                                      	 0.69396   0.18555  -0.96587   0.08637  
      	     	          	           	          	           	             	                                      	 0.20380   0.63093   0.10534  -0.94007  
  #87	14   	-6808.61326	Yes        	4        	1.305    	0.000    	 0.24258   0.21548   0.29099   0.25095	-1.12347   0.20258   0.73326   0.18763  
      	     	          	           	          	           	             	                                      	 0.22806  -1.12459   0.20187   0.69467  
      	     	          	           	          	           	             	                                      	 0.61128   0.14949  -0.87858   0.11781  
      	     	          	           	          	           	             	                                      	 0.18137   0.59648   0.13661  -0.91446  
  #88	14   	-6969.37713	Yes        	4        	1.696    	0.057    	 0.29151   0.20760   0.28372   0.21717	-0.98374   0.20437   0.62608   0.15330  
      	     	          	           	          	           	             	                                      	 0.28698  -1.12738   0.18133   0.65908  
      	     	          	           	          	           	             	                                      	 0.64327   0.13268  -0.91256   0.13661  
      	     	          	           	          	           	             	                                      	 0.20578   0.63004   0.17848  -1.01430  
  #89	14   	-6418.75016	Yes        	4        	2.245    	0.142    	 0.25557   0.20118   0.31250   0.23075	-1.19410   0.18934   0.85682   0.14794  
      	     	          	           	          	           	             	                                      	 0.24053  -1.04681   0.19446   0.61183  
      	     	          	           	          	           	             	                                      	 0.70073   0.12519  -0.93028   0.10436  
      	     	          	           	          	           	             	                                      	 0.16385   0.53344   0.14134  -0.83863  
  #90	14   	-6734.42184	Yes        	4        	1.419    	0.000    	 0.25173   0.21057   0.32120   0.21651	-1.06458   0.18719   0.73672   0.14067  
      	     	          	           	          	           	             	                                      	 0.22378  -1.15058   0.23676   0.69004  
      	     	          	           	          	           	             	                                      	 0.57737   0.15521  -0.84735   0.11477  
      	     	          	           	          	           	             	                                      	 0.16355   0.67111   0.17027  -1.00493  
  #91	14   	-6742.75026	Yes        	4        	1.115    	0.000    	 0.27295   0.20841   0.29415   0.22449	-1.08574   0.16093   0.76523   0.15958  
      	     	          	           	          	           	             	                                      	 0.21077  -1.02875   0.18815   0.62983  
      	     	          	           	          	           	             	                                      	 0.71010   0.13331  -0.95617   0.11276  
      	     	          	           	          	           	             	                                      	 0.19403   0.58470   0.14775  -0.92648  
  #92	14   	-6588.32276	Yes        	4        	1.457    	0.076    	 0.26237   0.19861   0.30656   0.23247	-1.07391   0.16399   0.73861   0.17132  
      	     	          	           	          	           	             	                                      	 0.21662  -1.13929   0.20873   0.71394  
      	     	          	           	          	           	             	                                      	 0.63214   0.13523  -0.88151   0.11413  
      	     	          	           	          	           	             	                                      	 0.19335   0.60997   0.15051  -0.95383  
  #93	14   	-6808.71321	Yes        	4        	1.950    	0.103    	 0.26326   0.20266   0.29591   0.23817	-1.02444   0.20371   0.68660   0.13413  
      	     	          	           	          	           	             	                                      	 0.26462  -1.23562   0.17532   0.79568  
      	     	          	           	          	           	             	                                      	 0.61084   0.12007  -0.84421   0.11330  
      	     	          	           	          	           	             	                                      	 0.14826   0.67703   0.14077  -0.96606  
  #94	14   	-6640.23169	Yes        	4        	2.371    	0.108    	 0.26616   0.20583   0.29455   0.23346	-1.06389   0.20835   0.70677   0.14877  
      	     	          	           	          	           	             	                                      	 0.26942  -1.15997   0.18171   0.70884  
      	     	          	           	          	           	             	                                      	 0.63865   0.12698  -0.87948   0.11385  
      	     	          	           	          	           	             	                                      	 0.16961   0.62493   0.14364  -0.93818  
  #95	14   	-6694.61956	Yes        	4        	1.903    	0.046    	 0.27227   0.20475   0.29102   0.23195	-1.05882   0.17502   0.72699   0.15681  
      	     	          	           	          	           	             	                                      	 0.23273  -1.10020   0.18858   0.67889  
      	     	          	           	          	           	             	                                      	 0.68015   0.13268  -0.92999   0.11716  
      	     	          	           	          	           	             	                                      	 0.18407   0.59928   0.14700  -0.93034  
  #96	14   	-6496.69884	Yes        	4        	1.200    	0.000    	 0.27469   0.20583   0.29913   0.22036	-1.00054   0.18355   0.70050   0.11648  
      	     	          	           	          	           	             	                                      	 0.24496  -1.18532   0.19737   0.74299  
      	     	          	           	          	           	             	                                      	 0.64326   0.13581  -0.88475   0.10569  
      	     	          	           	          	           	             	                                      	 0.14520   0.69400   0.14348  -0.98268  
  #97	14   	-6692.40120	Yes        	4        	1.658    	0.109    	 0.28434   0.20773   0.28599   0.22194	-1.00526   0.19386   0.69080   0.12060  
      	     	          	           	          	           	             	                                      	 0.26536  -1.11549   0.21830   0.63183  
      	     	          	           	          	           	             	                                      	 0.68682   0.15856  -0.97674   0.13135  
      	     	          	           	          	           	             	                                      	 0.15451   0.59137   0.16926  -0.91514  
  #98	14   	-6617.44122	Yes        	4        	1.173    	0.000    	 0.26250   0.20636   0.28616   0.24498	-1.05507   0.19614   0.69703   0.16190  
      	     	          	           	          	           	             	                                      	 0.24950  -1.17290   0.18128   0.74211  
      	     	          	           	          	           	             	                                      	 0.63941   0.13073  -0.88369   0.11355  
      	     	          	           	          	           	             	                                      	 0.17347   0.62511   0.13264  -0.93122  
  #99	14   	-6683.84833	Yes        	4        	2.193    	0.098    	 0.26573   0.22462   0.28333   0.22632	-1.02137   0.22325   0.69002   0.10810  
      	     	          	           	          	           	             	                                      	 0.26411  -1.16360   0.21959   0.67990  
      	     	          	           	          	           	             	                                      	 0.64717   0.17408  -0.91496   0.09371  
      	     	          	           	          	           	             	                                      	 0.12693   0.67477   0.11731  -0.91901  
  #100	14   	-6753.53433	Yes        	4        	1.793    	0.089    	 0.27385   0.20746   0.29240   0.22629	-1.01603   0.18126   0.68692   0.14785  
      	     	          	           	          	           	             	                                      	 0.23925  -1.16725   0.18778   0.74022  
      	     	          	           	          	           	             	                                      	 0.64333   0.13323  -0.87657   0.10001  
      	     	          	           	          	           	             	                                      	 0.17891   0.67863   0.12922  -0.98676  
