. Sequence file : [PNMAseqsToAlign3.fa.nonRedundant.group_PNMA_PNMA6EF_aln1_NT.trim1024_1527.fa.phyml]

. Model of nucleotides substitution : GTR

. Initial tree : [BioNJ]


. Data	Nb of 	Likelihood	Discrete   	Number of 	Gamma shape	Proportion of	Nucleotides frequencies               	Instantaneous rate matrix              	
  set	taxa	loglk     	gamma model	categories	parameter  	invariant    	f(A)      f(C)      f(G)      f(T)    	[A---------C---------G---------T------]	

  #1	12   	-2638.37313	Yes        	4        	0.777    	0.011    	 0.19216   0.28708   0.32876   0.19200	-1.27921   0.22938   0.93807   0.11176  
      	     	          	           	          	           	             	                                      	 0.15354  -0.98220   0.25885   0.56981  
      	     	          	           	          	           	             	                                      	 0.54831   0.22604  -0.82390   0.04955  
      	     	          	           	          	           	             	                                      	 0.11185   0.85201   0.08484  -1.04871  
  #2	12   	-2703.77835	Yes        	4        	0.986    	0.169    	 0.16636   0.27600   0.37688   0.18075	-1.41218   0.22801   1.03665   0.14752  
      	     	          	           	          	           	             	                                      	 0.13743  -1.05832   0.23829   0.68260  
      	     	          	           	          	           	             	                                      	 0.45760   0.17451  -0.66102   0.02891  
      	     	          	           	          	           	             	                                      	 0.13578   1.04233   0.06028  -1.23839  
  #3	12   	-2767.96152	Yes        	4        	1.602    	0.177    	 0.15528   0.27055   0.38366   0.19051	-1.43916   0.18292   1.08128   0.17496  
      	     	          	           	          	           	             	                                      	 0.10499  -1.04117   0.31918   0.61701  
      	     	          	           	          	           	             	                                      	 0.43764   0.22507  -0.72329   0.06057  
      	     	          	           	          	           	             	                                      	 0.14261   0.87624   0.12199  -1.14084  
  #4	12   	-2753.42372	Yes        	4        	1.574    	0.171    	 0.19130   0.29415   0.35516   0.15939	-1.15317   0.27583   0.78349   0.09385  
      	     	          	           	          	           	             	                                      	 0.17939  -0.99089   0.17727   0.63423  
      	     	          	           	          	           	             	                                      	 0.42202   0.14682  -0.68342   0.11458  
      	     	          	           	          	           	             	                                      	 0.11264   1.17042   0.25531  -1.53837  
  #5	12   	-2743.51846	Yes        	4        	1.087    	0.126    	 0.16468   0.28373   0.38690   0.16468	-1.47951   0.28050   1.07502   0.12400  
      	     	          	           	          	           	             	                                      	 0.16281  -0.97947   0.17465   0.64201  
      	     	          	           	          	           	             	                                      	 0.45757   0.12808  -0.64933   0.06368  
      	     	          	           	          	           	             	                                      	 0.12400   1.10612   0.14961  -1.37973  
  #6	12   	-2783.94893	Yes        	4        	1.026    	0.134    	 0.17466   0.27737   0.38174   0.16623	-1.35901   0.15261   1.08729   0.11911  
      	     	          	           	          	           	             	                                      	 0.09610  -0.91545   0.23463   0.58471  
      	     	          	           	          	           	             	                                      	 0.49748   0.17049  -0.76061   0.09265  
      	     	          	           	          	           	             	                                      	 0.12516   0.97569   0.21277  -1.31361  
  #7	12   	-2699.42679	Yes        	4        	1.696    	0.183    	 0.17976   0.25930   0.38829   0.17265	-1.54516   0.16893   1.27581   0.10042  
      	     	          	           	          	           	             	                                      	 0.11711  -0.88261   0.23749   0.52801  
      	     	          	           	          	           	             	                                      	 0.59063   0.15860  -0.81039   0.06116  
      	     	          	           	          	           	             	                                      	 0.10455   0.79303   0.13755  -1.03514  
  #8	12   	-2631.70478	Yes        	4        	1.223    	0.173    	 0.17913   0.27043   0.37066   0.17979	-1.27583   0.29128   0.93795   0.04660  
      	     	          	           	          	           	             	                                      	 0.19294  -1.07501   0.23162   0.65046  
      	     	          	           	          	           	             	                                      	 0.45328   0.16898  -0.71110   0.08884  
      	     	          	           	          	           	             	                                      	 0.04643   0.97838   0.18315  -1.20796  
  #9	12   	-2778.49289	Yes        	4        	1.170    	0.129    	 0.18621   0.30263   0.32925   0.18191	-1.26037   0.27108   0.86711   0.12218  
      	     	          	           	          	           	             	                                      	 0.16680  -0.98406   0.23378   0.58349  
      	     	          	           	          	           	             	                                      	 0.49039   0.21488  -0.75987   0.05461  
      	     	          	           	          	           	             	                                      	 0.12507   0.97071   0.09884  -1.19462  
  #10	12   	-2630.42392	Yes        	4        	2.477    	0.155    	 0.19411   0.27381   0.35946   0.17262	-1.13474   0.24253   0.83449   0.05772  
      	     	          	           	          	           	             	                                      	 0.17194  -1.10852   0.32528   0.61131  
      	     	          	           	          	           	             	                                      	 0.45064   0.24778  -0.76319   0.06477  
      	     	          	           	          	           	             	                                      	 0.06491   0.96966   0.13488  -1.16946  
  #11	12   	-2741.40934	Yes        	4        	1.458    	0.137    	 0.19630   0.24938   0.37870   0.17562	-1.35579   0.26153   1.00580   0.08846  
      	     	          	           	          	           	             	                                      	 0.20586  -1.06232   0.24657   0.60989  
      	     	          	           	          	           	             	                                      	 0.52135   0.16237  -0.73727   0.05355  
      	     	          	           	          	           	             	                                      	 0.09887   0.86602   0.11547  -1.08036  
  #12	12   	-2630.36909	Yes        	4        	4.125    	0.194    	 0.19329   0.23099   0.34673   0.22900	-1.10720   0.26272   0.75218   0.09230  
      	     	          	           	          	           	             	                                      	 0.21984  -1.28807   0.32951   0.73872  
      	     	          	           	          	           	             	                                      	 0.41931   0.21952  -0.75202   0.11319  
      	     	          	           	          	           	             	                                      	 0.07791   0.74512   0.17138  -0.99440  
  #13	12   	-2761.12583	Yes        	4        	2.366    	0.217    	 0.18505   0.26443   0.39044   0.16008	-1.41522   0.36809   0.90738   0.13975  
      	     	          	           	          	           	             	                                      	 0.25759  -1.06890   0.34045   0.47086  
      	     	          	           	          	           	             	                                      	 0.43006   0.23057  -0.72102   0.06039  
      	     	          	           	          	           	             	                                      	 0.16155   0.77779   0.14729  -1.08663  
  #14	12   	-2638.55292	Yes        	4        	0.677    	0.076    	 0.18373   0.27270   0.37175   0.17182	-1.45927   0.21990   1.12841   0.11096  
      	     	          	           	          	           	             	                                      	 0.14816  -0.93723   0.21446   0.57461  
      	     	          	           	          	           	             	                                      	 0.55768   0.15732  -0.75996   0.04496  
      	     	          	           	          	           	             	                                      	 0.11865   0.91197   0.09728  -1.12789  
  #15	12   	-2664.94991	Yes        	4        	0.937    	0.066    	 0.16755   0.30731   0.36322   0.16193	-1.35992   0.20782   1.04365   0.10846  
      	     	          	           	          	           	             	                                      	 0.11330  -0.89265   0.19818   0.58116  
      	     	          	           	          	           	             	                                      	 0.48143   0.16767  -0.73898   0.08988  
      	     	          	           	          	           	             	                                      	 0.11223   1.10296   0.20162  -1.41681  
  #16	12   	-2720.49420	Yes        	4        	1.598    	0.158    	 0.18601   0.25446   0.39583   0.16369	-1.26883   0.15275   1.02550   0.09058  
      	     	          	           	          	           	             	                                      	 0.11166  -1.00799   0.27291   0.62343  
      	     	          	           	          	           	             	                                      	 0.48191   0.17544  -0.74804   0.09069  
      	     	          	           	          	           	             	                                      	 0.10293   0.96914   0.21930  -1.29138  
  #17	12   	-2830.59726	Yes        	4        	1.006    	0.001    	 0.19233   0.27286   0.35026   0.18455	-1.16708   0.20812   0.86531   0.09365  
      	     	          	           	          	           	             	                                      	 0.14669  -1.03450   0.25391   0.63389  
      	     	          	           	          	           	             	                                      	 0.47515   0.19781  -0.76800   0.09504  
      	     	          	           	          	           	             	                                      	 0.09759   0.93721   0.18038  -1.21518  
  #18	12   	-2567.12156	Yes        	4        	1.312    	0.122    	 0.18852   0.28957   0.35869   0.16322	-1.37453   0.31554   0.95371   0.10529  
      	     	          	           	          	           	             	                                      	 0.20543  -0.96478   0.23340   0.52594  
      	     	          	           	          	           	             	                                      	 0.50126   0.18842  -0.74820   0.05851  
      	     	          	           	          	           	             	                                      	 0.12161   0.93306   0.12859  -1.18325  
  #19	12   	-2642.25578	Yes        	4        	1.135    	0.000    	 0.16917   0.27849   0.37589   0.17645	-1.43834   0.32326   1.05106   0.06403  
      	     	          	           	          	           	             	                                      	 0.19637  -1.04756   0.26717   0.58402  
      	     	          	           	          	           	             	                                      	 0.47305   0.19794  -0.72320   0.05221  
      	     	          	           	          	           	             	                                      	 0.06139   0.92173   0.11123  -1.09435  
  #20	12   	-2618.90375	Yes        	4        	0.804    	0.026    	 0.18455   0.23582   0.39656   0.18307	-1.52627   0.18222   1.21087   0.13317  
      	     	          	           	          	           	             	                                      	 0.14261  -0.93995   0.30100   0.49634  
      	     	          	           	          	           	             	                                      	 0.56353   0.17899  -0.81891   0.07639  
      	     	          	           	          	           	             	                                      	 0.13425   0.63937   0.16548  -0.93910  
  #21	12   	-2654.51481	Yes        	4        	0.780    	0.073    	 0.19974   0.25182   0.37500   0.17345	-1.42057   0.16146   1.13426   0.12485  
      	     	          	           	          	           	             	                                      	 0.12806  -0.89705   0.27433   0.49466  
      	     	          	           	          	           	             	                                      	 0.60414   0.18422  -0.84867   0.06031  
      	     	          	           	          	           	             	                                      	 0.14377   0.71817   0.13039  -0.99234  
  #22	12   	-2817.10197	Yes        	4        	0.877    	0.024    	 0.17675   0.29530   0.35499   0.17295	-1.33634   0.25289   1.02997   0.05347  
      	     	          	           	          	           	             	                                      	 0.15137  -0.91538   0.17568   0.58834  
      	     	          	           	          	           	             	                                      	 0.51283   0.14614  -0.76652   0.10756  
      	     	          	           	          	           	             	                                      	 0.05465   1.00456   0.22077  -1.27998  
  #23	12   	-2622.65433	Yes        	4        	0.736    	0.068    	 0.18519   0.29382   0.34937   0.17163	-1.40583   0.24473   1.03643   0.12467  
      	     	          	           	          	           	             	                                      	 0.15425  -0.91522   0.20321   0.55776  
      	     	          	           	          	           	             	                                      	 0.54936   0.17089  -0.76627   0.04601  
      	     	          	           	          	           	             	                                      	 0.13451   0.95486   0.09367  -1.18304  
  #24	12   	-2532.11356	Yes        	4        	0.874    	0.000    	 0.18254   0.28042   0.36971   0.16733	-1.56147   0.22094   1.19101   0.14953  
      	     	          	           	          	           	             	                                      	 0.14382  -0.81693   0.18794   0.48517  
      	     	          	           	          	           	             	                                      	 0.58805   0.14255  -0.80150   0.07091  
      	     	          	           	          	           	             	                                      	 0.16312   0.81309   0.15667  -1.13288  
  #25	12   	-2593.98933	Yes        	4        	1.360    	0.088    	 0.17926   0.28163   0.35803   0.18108	-1.24034   0.30594   0.89000   0.04441  
      	     	          	           	          	           	             	                                      	 0.19474  -1.07960   0.21765   0.66722  
      	     	          	           	          	           	             	                                      	 0.44561   0.17120  -0.69628   0.07947  
      	     	          	           	          	           	             	                                      	 0.04396   1.03769   0.15712  -1.23877  
  #26	12   	-2907.90018	Yes        	4        	0.952    	0.085    	 0.19448   0.29171   0.34678   0.16702	-1.15259   0.29063   0.78994   0.07202  
      	     	          	           	          	           	             	                                      	 0.19376  -1.10140   0.22145   0.68619  
      	     	          	           	          	           	             	                                      	 0.44300   0.18628  -0.66122   0.03194  
      	     	          	           	          	           	             	                                      	 0.08385   1.19846   0.06631  -1.34862  
  #27	12   	-2664.09939	Yes        	4        	1.148    	0.108    	 0.20076   0.28196   0.35356   0.16372	-1.20103   0.31282   0.81448   0.07373  
      	     	          	           	          	           	             	                                      	 0.22274  -1.00932   0.20125   0.58533  
      	     	          	           	          	           	             	                                      	 0.46248   0.16049  -0.72789   0.10492  
      	     	          	           	          	           	             	                                      	 0.09042   1.00807   0.22659  -1.32508  
  #28	12   	-2632.20270	Yes        	4        	1.819    	0.189    	 0.18783   0.28142   0.37318   0.15757	-1.36608   0.28853   1.03031   0.04724  
      	     	          	           	          	           	             	                                      	 0.19258  -0.93451   0.14268   0.59925  
      	     	          	           	          	           	             	                                      	 0.51858   0.10759  -0.71894   0.09277  
      	     	          	           	          	           	             	                                      	 0.05631   1.07023   0.21970  -1.34623  
  #29	12   	-2572.10151	Yes        	4        	0.934    	0.088    	 0.18240   0.28808   0.36216   0.16736	-1.19069   0.15662   0.95234   0.08173  
      	     	          	           	          	           	             	                                      	 0.09917  -0.98380   0.25932   0.62531  
      	     	          	           	          	           	             	                                      	 0.47965   0.20627  -0.76315   0.07723  
      	     	          	           	          	           	             	                                      	 0.08908   1.07637   0.16714  -1.33259  
  #30	12   	-2722.19696	Yes        	4        	1.636    	0.178    	 0.19643   0.25926   0.38310   0.16121	-1.33887   0.30075   0.97459   0.06352  
      	     	          	           	          	           	             	                                      	 0.22787  -1.00408   0.16406   0.61216  
      	     	          	           	          	           	             	                                      	 0.49971   0.11102  -0.70409   0.09336  
      	     	          	           	          	           	             	                                      	 0.07740   0.98447   0.22187  -1.28374  
  #31	12   	-2776.07518	Yes        	4        	1.927    	0.211    	 0.20685   0.24272   0.39980   0.15063	-1.31331   0.17348   0.95638   0.18346  
      	     	          	           	          	           	             	                                      	 0.14783  -0.99236   0.32640   0.51813  
      	     	          	           	          	           	             	                                      	 0.49480   0.19816  -0.75139   0.05843  
      	     	          	           	          	           	             	                                      	 0.25193   0.83492   0.15508  -1.24192  
  #32	12   	-2842.74083	Yes        	4        	1.513    	0.158    	 0.18634   0.25976   0.38922   0.16468	-1.26979   0.24573   0.93898   0.08507  
      	     	          	           	          	           	             	                                      	 0.17628  -1.02224   0.26759   0.57837  
      	     	          	           	          	           	             	                                      	 0.44955   0.17858  -0.74026   0.11213  
      	     	          	           	          	           	             	                                      	 0.09626   0.91227   0.26501  -1.27354  
  #33	12   	-2842.51583	Yes        	4        	0.802    	0.004    	 0.15231   0.31702   0.34199   0.18869	-1.43376   0.35943   1.03739   0.03693  
      	     	          	           	          	           	             	                                      	 0.17268  -0.95560   0.23513   0.54779  
      	     	          	           	          	           	             	                                      	 0.46201   0.21796  -0.77772   0.09775  
      	     	          	           	          	           	             	                                      	 0.02981   0.92035   0.17717  -1.12733  
  #34	12   	-2640.27146	Yes        	4        	0.964    	0.065    	 0.17634   0.25161   0.41555   0.15649	-1.43707   0.22989   1.10481   0.10236  
      	     	          	           	          	           	             	                                      	 0.16112  -1.00646   0.27721   0.56812  
      	     	          	           	          	           	             	                                      	 0.46884   0.16785  -0.71823   0.08154  
      	     	          	           	          	           	             	                                      	 0.11534   0.91344   0.21653  -1.24531  
  #35	12   	-2512.74897	Yes        	4        	1.184    	0.096    	 0.19269   0.26646   0.37794   0.16292	-1.31352   0.24823   0.97615   0.08914  
      	     	          	           	          	           	             	                                      	 0.17951  -1.01992   0.23565   0.60476  
      	     	          	           	          	           	             	                                      	 0.49769   0.16614  -0.72459   0.06077  
      	     	          	           	          	           	             	                                      	 0.10543   0.98911   0.14097  -1.23550  
  #36	12   	-2681.75084	Yes        	4        	1.191    	0.212    	 0.19285   0.28564   0.35941   0.16209	-1.11824   0.12665   0.88532   0.10627  
      	     	          	           	          	           	             	                                      	 0.08551  -0.98858   0.23036   0.67272  
      	     	          	           	          	           	             	                                      	 0.47505   0.18308  -0.73153   0.07341  
      	     	          	           	          	           	             	                                      	 0.12645   1.18550   0.16278  -1.47472  
  #37	12   	-2747.66240	Yes        	4        	1.852    	0.134    	 0.18948   0.27629   0.35202   0.18221	-1.27697   0.22861   0.88723   0.16112  
      	     	          	           	          	           	             	                                      	 0.15679  -0.98737   0.19271   0.63787  
      	     	          	           	          	           	             	                                      	 0.47758   0.15126  -0.70995   0.08111  
      	     	          	           	          	           	             	                                      	 0.16755   0.96722   0.15671  -1.29149  
  #38	12   	-2796.73590	Yes        	4        	1.717    	0.109    	 0.18720   0.27518   0.36878   0.16884	-1.19152   0.14602   0.93668   0.10882  
      	     	          	           	          	           	             	                                      	 0.09933  -1.00296   0.27994   0.62369  
      	     	          	           	          	           	             	                                      	 0.47548   0.20888  -0.76108   0.07671  
      	     	          	           	          	           	             	                                      	 0.12066   1.01647   0.16755  -1.30468  
  #39	12   	-2715.72598	Yes        	4        	1.209    	0.064    	 0.19097   0.26653   0.37368   0.16882	-1.29474   0.27851   0.90671   0.10952  
      	     	          	           	          	           	             	                                      	 0.19955  -1.03504   0.24407   0.59142  
      	     	          	           	          	           	             	                                      	 0.46338   0.17409  -0.71790   0.08043  
      	     	          	           	          	           	             	                                      	 0.12390   0.93376   0.17803  -1.23568  
  #40	12   	-2682.00411	Yes        	4        	1.128    	0.136    	 0.19150   0.28080   0.37390   0.15380	-1.20475   0.22495   0.89114   0.08866  
      	     	          	           	          	           	             	                                      	 0.15341  -1.07101   0.27261   0.64499  
      	     	          	           	          	           	             	                                      	 0.45641   0.20473  -0.69223   0.03110  
      	     	          	           	          	           	             	                                      	 0.11040   1.17763   0.07560  -1.36363  
  #41	12   	-2773.85964	Yes        	4        	1.619    	0.177    	 0.17844   0.25484   0.37920   0.18753	-1.55050   0.28401   1.11516   0.15133  
      	     	          	           	          	           	             	                                      	 0.19886  -0.98963   0.28044   0.51033  
      	     	          	           	          	           	             	                                      	 0.52475   0.18847  -0.77076   0.05754  
      	     	          	           	          	           	             	                                      	 0.14399   0.69349   0.11635  -0.95383  
  #42	12   	-2619.42669	Yes        	4        	0.852    	0.091    	 0.18075   0.29138   0.35489   0.17298	-1.37402   0.34073   0.90228   0.13101  
      	     	          	           	          	           	             	                                      	 0.21136  -0.99440   0.24746   0.53558  
      	     	          	           	          	           	             	                                      	 0.45955   0.20318  -0.72889   0.06616  
      	     	          	           	          	           	             	                                      	 0.13689   0.90219   0.13574  -1.17483  
  #43	12   	-2842.90328	Yes        	4        	1.242    	0.102    	 0.18240   0.25170   0.38250   0.18340	-1.41406   0.20721   1.05665   0.15021  
      	     	          	           	          	           	             	                                      	 0.15017  -0.99558   0.28697   0.55844  
      	     	          	           	          	           	             	                                      	 0.50388   0.18883  -0.76927   0.07656  
      	     	          	           	          	           	             	                                      	 0.14940   0.76640   0.15967  -1.07547  
  #44	12   	-2678.18002	Yes        	4        	1.122    	0.059    	 0.17146   0.29415   0.34805   0.18634	-1.45007   0.26418   1.06318   0.12271  
      	     	          	           	          	           	             	                                      	 0.15400  -0.90715   0.21362   0.53954  
      	     	          	           	          	           	             	                                      	 0.52376   0.18053  -0.79000   0.08570  
      	     	          	           	          	           	             	                                      	 0.11291   0.85168   0.16008  -1.12467  
  #45	12   	-2762.25358	Yes        	4        	1.178    	0.148    	 0.18971   0.28449   0.35478   0.17102	-1.28756   0.26570   0.93657   0.08529  
      	     	          	           	          	           	             	                                      	 0.17718  -0.94074   0.20075   0.56280  
      	     	          	           	          	           	             	                                      	 0.50081   0.16098  -0.77035   0.10856  
      	     	          	           	          	           	             	                                      	 0.09461   0.93618   0.22520  -1.25599  
  #46	12   	-2715.34499	Yes        	4        	3.082    	0.212    	 0.21452   0.28415   0.36222   0.13910	-1.15047   0.24595   0.84997   0.05455  
      	     	          	           	          	           	             	                                      	 0.18568  -1.00886   0.28129   0.54189  
      	     	          	           	          	           	             	                                      	 0.50338   0.22067  -0.77730   0.05325  
      	     	          	           	          	           	             	                                      	 0.08413   1.10698   0.13866  -1.32977  
  #47	12   	-2678.41044	Yes        	4        	0.836    	0.031    	 0.21092   0.23788   0.38726   0.16394	-1.15122   0.25662   0.81544   0.07916  
      	     	          	           	          	           	             	                                      	 0.22753  -1.18892   0.27810   0.68328  
      	     	          	           	          	           	             	                                      	 0.44412   0.17083  -0.68852   0.07357  
      	     	          	           	          	           	             	                                      	 0.10184   0.99148   0.17378  -1.26711  
  #48	12   	-2718.01464	Yes        	4        	2.580    	0.231    	 0.17847   0.26083   0.38819   0.17251	-1.34093   0.27425   0.95389   0.11279  
      	     	          	           	          	           	             	                                      	 0.18764  -1.03518   0.18533   0.66221  
      	     	          	           	          	           	             	                                      	 0.43854   0.12453  -0.66514   0.10207  
      	     	          	           	          	           	             	                                      	 0.11668   1.00125   0.22969  -1.34763  
  #49	12   	-2677.78550	Yes        	4        	1.013    	0.110    	 0.16760   0.27598   0.41545   0.14097	-1.48731   0.26334   1.13763   0.08633  
      	     	          	           	          	           	             	                                      	 0.15993  -0.97212   0.25035   0.56184  
      	     	          	           	          	           	             	                                      	 0.45895   0.16630  -0.68922   0.06397  
      	     	          	           	          	           	             	                                      	 0.10265   1.09995   0.18853  -1.39112  
  #50	12   	-2768.41658	Yes        	4        	2.431    	0.172    	 0.17447   0.28708   0.35852   0.17992	-1.31949   0.25710   0.99606   0.06633  
      	     	          	           	          	           	             	                                      	 0.15624  -1.01571   0.24328   0.61618  
      	     	          	           	          	           	             	                                      	 0.48471   0.19481  -0.74381   0.06430  
      	     	          	           	          	           	             	                                      	 0.06432   0.98318   0.12813  -1.17562  
  #51	12   	-2693.28162	Yes        	4        	0.998    	0.090    	 0.19461   0.28638   0.36442   0.15460	-1.34453   0.27449   0.99756   0.07248  
      	     	          	           	          	           	             	                                      	 0.18653  -0.95810   0.20227   0.56929  
      	     	          	           	          	           	             	                                      	 0.53273   0.15895  -0.73938   0.04770  
      	     	          	           	          	           	             	                                      	 0.09124   1.05457   0.11245  -1.25825  
  #52	12   	-2773.48612	Yes        	4        	1.602    	0.135    	 0.17626   0.25331   0.39054   0.17989	-1.23579   0.17716   0.94933   0.10930  
      	     	          	           	          	           	             	                                      	 0.12327  -1.09140   0.26595   0.70218  
      	     	          	           	          	           	             	                                      	 0.42845   0.17249  -0.69555   0.09461  
      	     	          	           	          	           	             	                                      	 0.10709   0.98873   0.20540  -1.30122  
  #53	12   	-2744.23426	Yes        	4        	1.291    	0.193    	 0.18783   0.28356   0.37335   0.15526	-1.30193   0.22956   0.98327   0.08909  
      	     	          	           	          	           	             	                                      	 0.15206  -0.94721   0.21545   0.57970  
      	     	          	           	          	           	             	                                      	 0.49469   0.16364  -0.73863   0.08030  
      	     	          	           	          	           	             	                                      	 0.10779   1.05876   0.19310  -1.35965  
  #54	12   	-2782.88384	Yes        	4        	1.211    	0.101    	 0.17995   0.26298   0.38836   0.16871	-1.32075   0.15776   1.04611   0.11687  
      	     	          	           	          	           	             	                                      	 0.10795  -0.97448   0.22355   0.64298  
      	     	          	           	          	           	             	                                      	 0.48474   0.15138  -0.72481   0.08869  
      	     	          	           	          	           	             	                                      	 0.12467   1.00229   0.20417  -1.33112  
  #55	12   	-2588.16674	Yes        	4        	1.425    	0.184    	 0.16634   0.28406   0.34325   0.20635	-1.39978   0.27688   1.02470   0.09820  
      	     	          	           	          	           	             	                                      	 0.16213  -0.98950   0.25100   0.57638  
      	     	          	           	          	           	             	                                      	 0.49655   0.20772  -0.79791   0.09364  
      	     	          	           	          	           	             	                                      	 0.07916   0.79344   0.15576  -1.02836  
  #56	12   	-2611.55853	Yes        	4        	0.739    	0.000    	 0.18304   0.24306   0.40691   0.16700	-1.43870   0.25940   1.03991   0.13939  
      	     	          	           	          	           	             	                                      	 0.19534  -1.07019   0.22307   0.65177  
      	     	          	           	          	           	             	                                      	 0.46777   0.13325  -0.66007   0.05906  
      	     	          	           	          	           	             	                                      	 0.15277   0.94862   0.14390  -1.24529  
  #57	12   	-2732.46916	Yes        	4        	0.947    	0.078    	 0.17281   0.25037   0.39888   0.17794	-1.36016   0.20878   1.02956   0.12182  
      	     	          	           	          	           	             	                                      	 0.14410  -1.03854   0.23618   0.65826  
      	     	          	           	          	           	             	                                      	 0.44606   0.14825  -0.69711   0.10280  
      	     	          	           	          	           	             	                                      	 0.11831   0.92621   0.23045  -1.27497  
  #58	12   	-2642.66212	Yes        	4        	1.870    	0.170    	 0.18254   0.27298   0.39087   0.15360	-1.37906   0.23216   1.04035   0.10655  
      	     	          	           	          	           	             	                                      	 0.15524  -0.96752   0.22548   0.58680  
      	     	          	           	          	           	             	                                      	 0.48585   0.15747  -0.71119   0.06787  
      	     	          	           	          	           	             	                                      	 0.12663   1.04285   0.17270  -1.34218  
  #59	12   	-2754.22728	Yes        	4        	1.439    	0.147    	 0.20205   0.28505   0.36987   0.14302	-1.19249   0.22278   0.85299   0.11672  
      	     	          	           	          	           	             	                                      	 0.15791  -0.93619   0.25224   0.52605  
      	     	          	           	          	           	             	                                      	 0.46596   0.19439  -0.76094   0.10059  
      	     	          	           	          	           	             	                                      	 0.16489   1.04844   0.26013  -1.47347  
  #60	12   	-2801.07260	Yes        	4        	0.857    	0.040    	 0.17163   0.25777   0.41187   0.15873	-1.54528   0.29937   1.10545   0.14046  
      	     	          	           	          	           	             	                                      	 0.19932  -1.00202   0.20004   0.60265  
      	     	          	           	          	           	             	                                      	 0.46064   0.12520  -0.65352   0.06768  
      	     	          	           	          	           	             	                                      	 0.15188   0.97868   0.17562  -1.30618  
  #61	12   	-2741.09815	Yes        	4        	1.466    	0.119    	 0.18667   0.27629   0.34524   0.19180	-1.31850   0.16735   1.01219   0.13896  
      	     	          	           	          	           	             	                                      	 0.11307  -0.92857   0.25191   0.56359  
      	     	          	           	          	           	             	                                      	 0.54730   0.20160  -0.83162   0.08272  
      	     	          	           	          	           	             	                                      	 0.13525   0.81186   0.14889  -1.09599  
  #62	12   	-2718.47515	Yes        	4        	0.946    	0.046    	 0.18637   0.29337   0.36134   0.15892	-1.24259   0.17806   0.96306   0.10147  
      	     	          	           	          	           	             	                                      	 0.11312  -0.92017   0.25868   0.54837  
      	     	          	           	          	           	             	                                      	 0.49673   0.21002  -0.79435   0.08760  
      	     	          	           	          	           	             	                                      	 0.11900   1.01229   0.19917  -1.33046  
  #63	12   	-2700.48492	Yes        	4        	1.109    	0.077    	 0.19018   0.27799   0.37060   0.16124	-1.02763   0.20142   0.77981   0.04640  
      	     	          	           	          	           	             	                                      	 0.13780  -1.11592   0.28652   0.69160  
      	     	          	           	          	           	             	                                      	 0.40017   0.21492  -0.70322   0.08813  
      	     	          	           	          	           	             	                                      	 0.05472   1.19239   0.20256  -1.44968  
  #64	12   	-2666.07862	Yes        	4        	2.812    	0.249    	 0.18111   0.25223   0.39795   0.16871	-1.43181   0.22527   1.13192   0.07462  
      	     	          	           	          	           	             	                                      	 0.16175  -0.96364   0.24449   0.55740  
      	     	          	           	          	           	             	                                      	 0.51515   0.15497  -0.76666   0.09654  
      	     	          	           	          	           	             	                                      	 0.08011   0.83337   0.22773  -1.14120  
  #65	12   	-2823.02905	Yes        	4        	1.120    	0.165    	 0.17030   0.31448   0.33647   0.17874	-1.55483   0.32170   1.09515   0.13797  
      	     	          	           	          	           	             	                                      	 0.17421  -0.83477   0.20431   0.45625  
      	     	          	           	          	           	             	                                      	 0.55430   0.19096  -0.82690   0.08164  
      	     	          	           	          	           	             	                                      	 0.13147   0.80276   0.15369  -1.08792  
  #66	12   	-2799.34301	Yes        	4        	2.408    	0.272    	 0.18274   0.26294   0.37738   0.17695	-1.37760   0.26932   1.02025   0.08803  
      	     	          	           	          	           	             	                                      	 0.18717  -1.01019   0.17759   0.64543  
      	     	          	           	          	           	             	                                      	 0.49403   0.12373  -0.70219   0.08442  
      	     	          	           	          	           	             	                                      	 0.09091   0.95909   0.18005  -1.23006  
  #67	12   	-2765.74599	Yes        	4        	0.737    	0.003    	 0.18789   0.26596   0.37860   0.16755	-1.40607   0.24284   1.05348   0.10976  
      	     	          	           	          	           	             	                                      	 0.17156  -0.95230   0.21543   0.56531  
      	     	          	           	          	           	             	                                      	 0.52283   0.15134  -0.74855   0.07439  
      	     	          	           	          	           	             	                                      	 0.12308   0.89736   0.16808  -1.18852  
  #68	12   	-2770.09744	Yes        	4        	0.728    	0.015    	 0.16388   0.28262   0.38432   0.16917	-1.41410   0.20576   1.12183   0.08651  
      	     	          	           	          	           	             	                                      	 0.11931  -0.96884   0.26164   0.58788  
      	     	          	           	          	           	             	                                      	 0.47837   0.19240  -0.74405   0.07328  
      	     	          	           	          	           	             	                                      	 0.08381   0.98210   0.16646  -1.23237  
  #69	12   	-2642.67753	Yes        	4        	1.173    	0.137    	 0.16471   0.28775   0.37490   0.17265	-1.40392   0.28440   1.04070   0.07882  
      	     	          	           	          	           	             	                                      	 0.16279  -1.01217   0.26373   0.58565  
      	     	          	           	          	           	             	                                      	 0.45723   0.20242  -0.72462   0.06497  
      	     	          	           	          	           	             	                                      	 0.07519   0.97608   0.14107  -1.19235  
  #70	12   	-2607.57532	Yes        	4        	2.626    	0.147    	 0.19428   0.25777   0.37616   0.17179	-1.28536   0.25334   0.92883   0.10319  
      	     	          	           	          	           	             	                                      	 0.19094  -1.04134   0.26097   0.58943  
      	     	          	           	          	           	             	                                      	 0.47973   0.17883  -0.74117   0.08261  
      	     	          	           	          	           	             	                                      	 0.11670   0.88443   0.18088  -1.18200  
  #71	12   	-2629.18938	Yes        	4        	1.894    	0.239    	 0.19904   0.25811   0.39527   0.14758	-1.27145   0.27524   0.88831   0.10790  
      	     	          	           	          	           	             	                                      	 0.21225  -1.05133   0.16858   0.67049  
      	     	          	           	          	           	             	                                      	 0.44732   0.11008  -0.63421   0.07680  
      	     	          	           	          	           	             	                                      	 0.14552   1.17261   0.20570  -1.52383  
  #72	12   	-2657.10843	Yes        	4        	1.416    	0.127    	 0.15793   0.29370   0.38978   0.15859	-1.32880   0.22598   1.04350   0.05932  
      	     	          	           	          	           	             	                                      	 0.12152  -0.99763   0.30330   0.57282  
      	     	          	           	          	           	             	                                      	 0.42280   0.22854  -0.73556   0.08422  
      	     	          	           	          	           	             	                                      	 0.05907   1.06082   0.20699  -1.32689  
  #73	12   	-2672.64834	Yes        	4        	1.034    	0.000    	 0.17714   0.27208   0.37430   0.17648	-1.48051   0.26991   1.09159   0.11900  
      	     	          	           	          	           	             	                                      	 0.17573  -0.91499   0.26415   0.47511  
      	     	          	           	          	           	             	                                      	 0.51661   0.19201  -0.80641   0.09779  
      	     	          	           	          	           	             	                                      	 0.11945   0.73249   0.20740  -1.05933  
  #74	12   	-2766.81945	Yes        	4        	0.987    	0.072    	 0.19067   0.28923   0.35604   0.16405	-1.19565   0.28345   0.80215   0.11005  
      	     	          	           	          	           	             	                                      	 0.18686  -0.98127   0.25642   0.53799  
      	     	          	           	          	           	             	                                      	 0.42958   0.20831  -0.75656   0.11867  
      	     	          	           	          	           	             	                                      	 0.12791   0.94852   0.25756  -1.33399  
  #75	12   	-2617.07069	Yes        	4        	1.236    	0.116    	 0.19679   0.27336   0.33273   0.19712	-1.28184   0.26329   0.91266   0.10589  
      	     	          	           	          	           	             	                                      	 0.18955  -0.99837   0.24960   0.55922  
      	     	          	           	          	           	             	                                      	 0.53980   0.20507  -0.82494   0.08008  
      	     	          	           	          	           	             	                                      	 0.10571   0.77550   0.13517  -1.01638  
  #76	12   	-2863.42583	Yes        	4        	1.000    	0.033    	 0.19500   0.27142   0.37149   0.16209	-1.16535   0.23000   0.85248   0.08287  
      	     	          	           	          	           	             	                                      	 0.16525  -1.03713   0.20212   0.66976  
      	     	          	           	          	           	             	                                      	 0.44749   0.14768  -0.69237   0.09720  
      	     	          	           	          	           	             	                                      	 0.09970   1.12150   0.22276  -1.44396  
  #77	12   	-2857.16744	Yes        	4        	2.834    	0.220    	 0.17593   0.27894   0.37979   0.16534	-1.35617   0.24798   1.00811   0.10008  
      	     	          	           	          	           	             	                                      	 0.15640  -0.98582   0.27927   0.55015  
      	     	          	           	          	           	             	                                      	 0.46697   0.20511  -0.75122   0.07915  
      	     	          	           	          	           	             	                                      	 0.10649   0.92810   0.18181  -1.21640  
  #78	12   	-2760.75854	Yes        	4        	1.835    	0.145    	 0.17596   0.28477   0.37291   0.16636	-1.32724   0.23027   0.96260   0.13437  
      	     	          	           	          	           	             	                                      	 0.14228  -0.95656   0.25045   0.56383  
      	     	          	           	          	           	             	                                      	 0.45419   0.19125  -0.73818   0.09274  
      	     	          	           	          	           	             	                                      	 0.14212   0.96512   0.20788  -1.31513  
  #79	12   	-2640.14740	Yes        	4        	1.577    	0.135    	 0.18981   0.28836   0.36210   0.15972	-1.18625   0.25613   0.83910   0.09102  
      	     	          	           	          	           	             	                                      	 0.16860  -1.00565   0.17688   0.66017  
      	     	          	           	          	           	             	                                      	 0.43986   0.14086  -0.67312   0.09240  
      	     	          	           	          	           	             	                                      	 0.10817   1.19186   0.20949  -1.50952  
  #80	12   	-2610.21014	Yes        	4        	1.138    	0.113    	 0.16587   0.27683   0.37986   0.17744	-1.58721   0.26085   1.17172   0.15465  
      	     	          	           	          	           	             	                                      	 0.15629  -0.97322   0.30152   0.51541  
      	     	          	           	          	           	             	                                      	 0.51164   0.21974  -0.75923   0.02786  
      	     	          	           	          	           	             	                                      	 0.14456   0.80410   0.05964  -1.00830  
  #81	12   	-2613.41800	Yes        	4        	1.025    	0.016    	 0.18952   0.28212   0.37209   0.15628	-1.45948   0.34024   1.04443   0.07481  
      	     	          	           	          	           	             	                                      	 0.22856  -0.99706   0.28677   0.48173  
      	     	          	           	          	           	             	                                      	 0.53196   0.21744  -0.76712   0.01772  
      	     	          	           	          	           	             	                                      	 0.09073   0.86966   0.04219  -1.00258  
  #82	12   	-2699.05487	Yes        	4        	1.411    	0.225    	 0.17645   0.29783   0.36994   0.15578	-1.48081   0.27712   1.06270   0.14098  
      	     	          	           	          	           	             	                                      	 0.16418  -0.89305   0.18356   0.54531  
      	     	          	           	          	           	             	                                      	 0.50689   0.14779  -0.71313   0.05846  
      	     	          	           	          	           	             	                                      	 0.15969   1.04257   0.13883  -1.34109  
  #83	12   	-2792.20788	Yes        	4        	0.928    	0.029    	 0.18604   0.26459   0.39904   0.15032	-1.29902   0.26896   0.96775   0.06232  
      	     	          	           	          	           	             	                                      	 0.18911  -1.03869   0.23524   0.61434  
      	     	          	           	          	           	             	                                      	 0.45119   0.15598  -0.69120   0.08403  
      	     	          	           	          	           	             	                                      	 0.07713   1.08134   0.22307  -1.38154  
  #84	12   	-2678.14628	Yes        	4        	1.188    	0.157    	 0.19977   0.25351   0.35108   0.19563	-1.20152   0.27010   0.85602   0.07540  
      	     	          	           	          	           	             	                                      	 0.21284  -1.11573   0.25135   0.65154  
      	     	          	           	          	           	             	                                      	 0.48708   0.18150  -0.75710   0.08852  
      	     	          	           	          	           	             	                                      	 0.07700   0.84430   0.15885  -1.08015  
  #85	12   	-2731.37321	Yes        	4        	0.999    	0.143    	 0.18977   0.26506   0.39990   0.14527	-1.38544   0.23185   1.05371   0.09987  
      	     	          	           	          	           	             	                                      	 0.16600  -0.95403   0.22614   0.56189  
      	     	          	           	          	           	             	                                      	 0.50004   0.14988  -0.72046   0.07054  
      	     	          	           	          	           	             	                                      	 0.13047   1.02523   0.19418  -1.34988  
  #86	12   	-2687.39279	Yes        	4        	1.123    	0.113    	 0.18786   0.28626   0.36712   0.15876	-1.27562   0.25997   0.93204   0.08361  
      	     	          	           	          	           	             	                                      	 0.17061  -0.98899   0.23636   0.58202  
      	     	          	           	          	           	             	                                      	 0.47694   0.18430  -0.73230   0.07107  
      	     	          	           	          	           	             	                                      	 0.09894   1.04946   0.16434  -1.31274  
  #87	12   	-2867.30248	Yes        	4        	1.865    	0.109    	 0.16815   0.29878   0.35632   0.17675	-1.47351   0.28874   1.03228   0.15249  
      	     	          	           	          	           	             	                                      	 0.16251  -0.95356   0.27614   0.51492  
      	     	          	           	          	           	             	                                      	 0.48716   0.23155  -0.76325   0.04455  
      	     	          	           	          	           	             	                                      	 0.14507   0.87040   0.08981  -1.10528  
  #88	12   	-2555.22781	Yes        	4        	1.157    	0.154    	 0.20936   0.28014   0.36497   0.14553	-1.24008   0.25731   0.92271   0.06006  
      	     	          	           	          	           	             	                                      	 0.19230  -0.96523   0.21422   0.55871  
      	     	          	           	          	           	             	                                      	 0.52930   0.16443  -0.75907   0.06534  
      	     	          	           	          	           	             	                                      	 0.08640   1.07552   0.16388  -1.32580  
  #89	12   	-2709.03053	Yes        	4        	0.911    	0.114    	 0.21416   0.28493   0.35423   0.14668	-1.21861   0.24502   0.93256   0.04104  
      	     	          	           	          	           	             	                                      	 0.18415  -0.89456   0.17307   0.53733  
      	     	          	           	          	           	             	                                      	 0.56380   0.13922  -0.80636   0.10334  
      	     	          	           	          	           	             	                                      	 0.05991   1.04377   0.24956  -1.35325  
  #90	12   	-2823.37834	Yes        	4        	0.916    	0.019    	 0.18703   0.29205   0.36531   0.15561	-1.32522   0.23548   0.99042   0.09933  
      	     	          	           	          	           	             	                                      	 0.15081  -0.94068   0.27934   0.51053  
      	     	          	           	          	           	             	                                      	 0.50709   0.22332  -0.78915   0.05874  
      	     	          	           	          	           	             	                                      	 0.11938   0.95813   0.13789  -1.21541  
  #91	12   	-2625.05635	Yes        	4        	0.825    	0.099    	 0.19233   0.26063   0.36531   0.18174	-1.31130   0.26340   0.91329   0.13462  
      	     	          	           	          	           	             	                                      	 0.19437  -1.01752   0.25921   0.56393  
      	     	          	           	          	           	             	                                      	 0.48083   0.18493  -0.75683   0.09107  
      	     	          	           	          	           	             	                                      	 0.14246   0.80870   0.18305  -1.13421  
  #92	12   	-2703.46474	Yes        	4        	0.821    	0.014    	 0.17450   0.29888   0.37198   0.15465	-1.41477   0.30089   1.04804   0.06584  
      	     	          	           	          	           	             	                                      	 0.17567  -0.90580   0.21467   0.51546  
      	     	          	           	          	           	             	                                      	 0.49163   0.17248  -0.75797   0.09386  
      	     	          	           	          	           	             	                                      	 0.07428   0.99618   0.22576  -1.29623  
  #93	12   	-2646.20372	Yes        	4        	1.603    	0.125    	 0.18313   0.26468   0.37949   0.17270	-1.17971   0.32590   0.81304   0.04077  
      	     	          	           	          	           	             	                                      	 0.22548  -1.21197   0.27709   0.70939  
      	     	          	           	          	           	             	                                      	 0.39234   0.19326  -0.64585   0.06024  
      	     	          	           	          	           	             	                                      	 0.04323   1.08719   0.13237  -1.26278  
  #94	12   	-2708.61305	Yes        	4        	1.069    	0.038    	 0.19312   0.25942   0.34722   0.20023	-1.27782   0.18657   1.01984   0.07141  
      	     	          	           	          	           	             	                                      	 0.13888  -0.98624   0.24039   0.60696  
      	     	          	           	          	           	             	                                      	 0.56723   0.17961  -0.84303   0.09619  
      	     	          	           	          	           	             	                                      	 0.06888   0.78640   0.16681  -1.02208  
  #95	12   	-2686.09648	Yes        	4        	1.176    	0.122    	 0.18998   0.28158   0.36425   0.16419	-1.32382   0.23660   1.02899   0.05824  
      	     	          	           	          	           	             	                                      	 0.15963  -0.96131   0.22941   0.57227  
      	     	          	           	          	           	             	                                      	 0.53668   0.17734  -0.77651   0.06249  
      	     	          	           	          	           	             	                                      	 0.06739   0.98144   0.13864  -1.18748  
  #96	12   	-2744.14786	Yes        	4        	1.207    	0.095    	 0.19434   0.28515   0.36768   0.15283	-1.15493   0.23426   0.82425   0.09642  
      	     	          	           	          	           	             	                                      	 0.15966  -1.01010   0.21552   0.63492  
      	     	          	           	          	           	             	                                      	 0.43567   0.16714  -0.69269   0.08988  
      	     	          	           	          	           	             	                                      	 0.12261   1.18463   0.21624  -1.52348  
  #97	12   	-2696.26754	Yes        	4        	1.561    	0.215    	 0.16744   0.29054   0.36267   0.17935	-1.43490   0.33337   1.03668   0.06485  
      	     	          	           	          	           	             	                                      	 0.19213  -0.99363   0.21002   0.59148  
      	     	          	           	          	           	             	                                      	 0.47861   0.16825  -0.72096   0.07411  
      	     	          	           	          	           	             	                                      	 0.06054   0.95816   0.14985  -1.16856  
  #98	12   	-2685.85755	Yes        	4        	1.113    	0.052    	 0.18585   0.26157   0.38211   0.17047	-1.52463   0.33024   1.02161   0.17278  
      	     	          	           	          	           	             	                                      	 0.23463  -1.02284   0.26335   0.52485  
      	     	          	           	          	           	             	                                      	 0.49688   0.18028  -0.70458   0.02743  
      	     	          	           	          	           	             	                                      	 0.18836   0.80535   0.06148  -1.05519  
  #99	12   	-2679.68212	Yes        	4        	1.430    	0.137    	 0.18075   0.26145   0.36960   0.18819	-1.37523   0.26807   0.95279   0.15437  
      	     	          	           	          	           	             	                                      	 0.18533  -1.01321   0.24113   0.58676  
      	     	          	           	          	           	             	                                      	 0.46595   0.17057  -0.73114   0.09463  
      	     	          	           	          	           	             	                                      	 0.14827   0.81517   0.18584  -1.14928  
  #100	12   	-2689.45786	Yes        	4        	1.295    	0.097    	 0.18356   0.26823   0.41326   0.13494	-1.45559   0.21775   1.13912   0.09871  
      	     	          	           	          	           	             	                                      	 0.14902  -0.95118   0.27117   0.53100  
      	     	          	           	          	           	             	                                      	 0.50597   0.17600  -0.72467   0.04269  
      	     	          	           	          	           	             	                                      	 0.13428   1.05548   0.13074  -1.32051  
