. Sequence file : [PNMAseqsToAlign3.fa.nonRedundant.group_PNMA_PNMA2_aln1_NT.fa.phyml]

. Model of nucleotides substitution : GTR

. Initial tree : [BioNJ]


. Data	Nb of 	Likelihood	Discrete   	Number of 	Gamma shape	Proportion of	Nucleotides frequencies               	Instantaneous rate matrix              	
  set	taxa	loglk     	gamma model	categories	parameter  	invariant    	f(A)      f(C)      f(G)      f(T)    	[A---------C---------G---------T------]	

  #1	15   	-6115.77132	Yes        	4        	0.709    	0.144    	 0.25805   0.22335   0.31632   0.20228	-1.04787   0.22616   0.75467   0.06705  
      	     	          	           	          	           	             	                                      	 0.26130  -1.16980   0.20532   0.70317  
      	     	          	           	          	           	             	                                      	 0.61565   0.14497  -0.84498   0.08436  
      	     	          	           	          	           	             	                                      	 0.08553   0.77641   0.13192  -0.99387  
  #2	15   	-6707.36936	Yes        	4        	0.754    	0.177    	 0.24375   0.23308   0.32650   0.19667	-1.08077   0.19682   0.82458   0.05937  
      	     	          	           	          	           	             	                                      	 0.20583  -1.08864   0.22150   0.66130  
      	     	          	           	          	           	             	                                      	 0.61558   0.15812  -0.86804   0.09434  
      	     	          	           	          	           	             	                                      	 0.07358   0.78372   0.15662  -1.01392  
  #3	15   	-6352.78448	Yes        	4        	0.630    	0.125    	 0.26716   0.21733   0.31182   0.20370	-1.01248   0.19823   0.77988   0.03438  
      	     	          	           	          	           	             	                                      	 0.24368  -1.17084   0.19429   0.73287  
      	     	          	           	          	           	             	                                      	 0.66819   0.13541  -0.89343   0.08983  
      	     	          	           	          	           	             	                                      	 0.04509   0.78191   0.13750  -0.96450  
  #4	15   	-6310.41888	Yes        	4        	0.532    	0.106    	 0.25810   0.22106   0.30752   0.21332	-1.08825   0.19249   0.84271   0.05305  
      	     	          	           	          	           	             	                                      	 0.22475  -1.07594   0.19325   0.65794  
      	     	          	           	          	           	             	                                      	 0.70729   0.13891  -0.94687   0.10067  
      	     	          	           	          	           	             	                                      	 0.06419   0.68181   0.14512  -0.89112  
  #5	15   	-6242.96030	Yes        	4        	0.634    	0.178    	 0.24666   0.21593   0.34079   0.19663	-1.14946   0.22011   0.88006   0.04929  
      	     	          	           	          	           	             	                                      	 0.25143  -1.11838   0.21627   0.65068  
      	     	          	           	          	           	             	                                      	 0.63698   0.13703  -0.85992   0.08591  
      	     	          	           	          	           	             	                                      	 0.06183   0.71456   0.14890  -0.92529  
  #6	15   	-6542.13790	Yes        	4        	0.629    	0.131    	 0.25389   0.22713   0.31411   0.20487	-1.04319   0.17633   0.81021   0.05665  
      	     	          	           	          	           	             	                                      	 0.19710  -1.08058   0.21660   0.66688  
      	     	          	           	          	           	             	                                      	 0.65488   0.15662  -0.92127   0.10976  
      	     	          	           	          	           	             	                                      	 0.07021   0.73935   0.16829  -0.97786  
  #7	15   	-6309.37022	Yes        	4        	0.701    	0.139    	 0.24172   0.22707   0.31874   0.21247	-1.03489   0.20230   0.77931   0.05328  
      	     	          	           	          	           	             	                                      	 0.21536  -1.14429   0.18089   0.74805  
      	     	          	           	          	           	             	                                      	 0.59099   0.12886  -0.84195   0.12211  
      	     	          	           	          	           	             	                                      	 0.06061   0.79941   0.18318  -1.04320  
  #8	15   	-6452.94777	Yes        	4        	0.559    	0.138    	 0.23917   0.24942   0.30842   0.20299	-1.16002   0.26041   0.85031   0.04929  
      	     	          	           	          	           	             	                                      	 0.24971  -1.06848   0.18409   0.63468  
      	     	          	           	          	           	             	                                      	 0.65939   0.14888  -0.86773   0.05947  
      	     	          	           	          	           	             	                                      	 0.05808   0.77985   0.09035  -0.92828  
  #9	15   	-6400.29672	Yes        	4        	0.655    	0.105    	 0.26148   0.22973   0.30095   0.20783	-1.09773   0.23410   0.82508   0.03854  
      	     	          	           	          	           	             	                                      	 0.26646  -1.10886   0.20667   0.63572  
      	     	          	           	          	           	             	                                      	 0.71686   0.15776  -0.93922   0.06460  
      	     	          	           	          	           	             	                                      	 0.04849   0.70270   0.09354  -0.84473  
  #10	15   	-6376.12011	Yes        	4        	0.592    	0.067    	 0.24662   0.22251   0.32925   0.20162	-0.96438   0.22647   0.69093   0.04699  
      	     	          	           	          	           	             	                                      	 0.25101  -1.24740   0.28854   0.70785  
      	     	          	           	          	           	             	                                      	 0.51752   0.19499  -0.83540   0.12289  
      	     	          	           	          	           	             	                                      	 0.05748   0.78118   0.20068  -1.03934  
  #11	15   	-6337.64087	Yes        	4        	0.652    	0.117    	 0.24182   0.23500   0.32170   0.20149	-1.12135   0.26665   0.80471   0.04999  
      	     	          	           	          	           	             	                                      	 0.27439  -1.13297   0.21028   0.64830  
      	     	          	           	          	           	             	                                      	 0.60491   0.15361  -0.84267   0.08415  
      	     	          	           	          	           	             	                                      	 0.05999   0.75612   0.13436  -0.95047  
  #12	15   	-6513.01368	Yes        	4        	0.591    	0.109    	 0.25627   0.22358   0.31063   0.20952	-1.07930   0.25878   0.78786   0.03266  
      	     	          	           	          	           	             	                                      	 0.29661  -1.16032   0.22556   0.63814  
      	     	          	           	          	           	             	                                      	 0.64999   0.16235  -0.90988   0.09754  
      	     	          	           	          	           	             	                                      	 0.03995   0.68097   0.14461  -0.86553  
  #13	15   	-6231.79713	Yes        	4        	0.647    	0.153    	 0.24924   0.22146   0.31549   0.21381	-1.13807   0.20258   0.90130   0.03419  
      	     	          	           	          	           	             	                                      	 0.22798  -1.01431   0.22368   0.56264  
      	     	          	           	          	           	             	                                      	 0.71202   0.15702  -1.00284   0.13380  
      	     	          	           	          	           	             	                                      	 0.03986   0.58276   0.19743  -0.82004  
  #14	15   	-6146.06828	Yes        	4        	0.624    	0.121    	 0.25546   0.21824   0.31718   0.20912	-1.13179   0.25626   0.82102   0.05450  
      	     	          	           	          	           	             	                                      	 0.29996  -1.13062   0.19228   0.63838  
      	     	          	           	          	           	             	                                      	 0.66126   0.13231  -0.88685   0.09329  
      	     	          	           	          	           	             	                                      	 0.06658   0.66622   0.14150  -0.87430  
  #15	15   	-6324.89150	Yes        	4        	0.557    	0.097    	 0.24846   0.21520   0.32502   0.21131	-1.09936   0.19060   0.86844   0.04033  
      	     	          	           	          	           	             	                                      	 0.22005  -1.10539   0.26776   0.61758  
      	     	          	           	          	           	             	                                      	 0.66388   0.17729  -0.95291   0.11175  
      	     	          	           	          	           	             	                                      	 0.04742   0.62896   0.17189  -0.84826  
  #16	15   	-6194.27421	Yes        	4        	0.666    	0.176    	 0.25160   0.21258   0.33536   0.20046	-1.05351   0.21070   0.78665   0.05616  
      	     	          	           	          	           	             	                                      	 0.24937  -1.16299   0.28092   0.63269  
      	     	          	           	          	           	             	                                      	 0.59017   0.17807  -0.88968   0.12144  
      	     	          	           	          	           	             	                                      	 0.07049   0.67093   0.20316  -0.94457  
  #17	15   	-6152.76623	Yes        	4        	0.652    	0.164    	 0.24392   0.23764   0.33508   0.18336	-1.13376   0.19216   0.88095   0.06065  
      	     	          	           	          	           	             	                                      	 0.19724  -0.97439   0.17478   0.60237  
      	     	          	           	          	           	             	                                      	 0.64127   0.12395  -0.88095   0.11572  
      	     	          	           	          	           	             	                                      	 0.08068   0.78066   0.21147  -1.07281  
  #18	15   	-6488.36223	Yes        	4        	0.546    	0.069    	 0.26961   0.20332   0.30767   0.21939	-0.97971   0.22106   0.73087   0.02778  
      	     	          	           	          	           	             	                                      	 0.29313  -1.32603   0.25149   0.78140  
      	     	          	           	          	           	             	                                      	 0.64045   0.16620  -0.89066   0.08401  
      	     	          	           	          	           	             	                                      	 0.03414   0.72417   0.11782  -0.87613  
  #19	15   	-6142.93293	Yes        	4        	0.622    	0.123    	 0.25370   0.22991   0.32822   0.18817	-1.18119   0.20400   0.91099   0.06620  
      	     	          	           	          	           	             	                                      	 0.22511  -1.00535   0.21390   0.56634  
      	     	          	           	          	           	             	                                      	 0.70414   0.14983  -0.91780   0.06383  
      	     	          	           	          	           	             	                                      	 0.08925   0.69196   0.11134  -0.89255  
  #20	15   	-5902.43999	Yes        	4        	0.589    	0.162    	 0.25871   0.23136   0.30860   0.20133	-1.04653   0.21350   0.79710   0.03593  
      	     	          	           	          	           	             	                                      	 0.23874  -1.05742   0.19382   0.62486  
      	     	          	           	          	           	             	                                      	 0.66823   0.14530  -0.94264   0.12911  
      	     	          	           	          	           	             	                                      	 0.04617   0.71807   0.19790  -0.96214  
  #21	15   	-6318.21686	Yes        	4        	0.660    	0.145    	 0.25496   0.21107   0.31791   0.21606	-1.11332   0.23838   0.82516   0.04978  
      	     	          	           	          	           	             	                                      	 0.28796  -1.18672   0.24749   0.65128  
      	     	          	           	          	           	             	                                      	 0.66177   0.16431  -0.90927   0.08319  
      	     	          	           	          	           	             	                                      	 0.05874   0.63623   0.12240  -0.81737  
  #22	15   	-6386.02097	Yes        	4        	0.655    	0.149    	 0.25300   0.22506   0.32304   0.19889	-1.08792   0.21541   0.86536   0.00714  
      	     	          	           	          	           	             	                                      	 0.24216  -1.09701   0.20217   0.65269  
      	     	          	           	          	           	             	                                      	 0.67775   0.14085  -0.91875   0.10016  
      	     	          	           	          	           	             	                                      	 0.00909   0.73858   0.16268  -0.91034  
  #23	15   	-6203.92995	Yes        	4        	0.609    	0.152    	 0.23819   0.20388   0.34028   0.21765	-1.20895   0.31544   0.82310   0.07042  
      	     	          	           	          	           	             	                                      	 0.36853  -1.27608   0.25049   0.65706  
      	     	          	           	          	           	             	                                      	 0.57615   0.15008  -0.80561   0.07938  
      	     	          	           	          	           	             	                                      	 0.07706   0.61547   0.12410  -0.81664  
  #24	15   	-6411.34727	Yes        	4        	0.633    	0.098    	 0.28272   0.22417   0.30705   0.18606	-0.96907   0.19784   0.74408   0.02715  
      	     	          	           	          	           	             	                                      	 0.24950  -1.08401   0.25680   0.57771  
      	     	          	           	          	           	             	                                      	 0.68512   0.18748  -0.99946   0.12686  
      	     	          	           	          	           	             	                                      	 0.04126   0.69606   0.20935  -0.94667  
  #25	15   	-6154.17526	Yes        	4        	0.640    	0.134    	 0.26953   0.20559   0.30871   0.21617	-1.03465   0.18303   0.80830   0.04332  
      	     	          	           	          	           	             	                                      	 0.23996  -1.14467   0.23461   0.67010  
      	     	          	           	          	           	             	                                      	 0.70571   0.15624  -0.97576   0.11381  
      	     	          	           	          	           	             	                                      	 0.05402   0.63728   0.16253  -0.85383  
  #26	15   	-6261.18515	Yes        	4        	0.611    	0.105    	 0.23221   0.25205   0.32451   0.19123	-1.09790   0.22599   0.81762   0.05429  
      	     	          	           	          	           	             	                                      	 0.20820  -1.05560   0.22728   0.62012  
      	     	          	           	          	           	             	                                      	 0.58506   0.17654  -0.85858   0.09697  
      	     	          	           	          	           	             	                                      	 0.06592   0.81734   0.16456  -1.04782  
  #27	15   	-6339.23799	Yes        	4        	0.639    	0.134    	 0.25512   0.22054   0.31668   0.20766	-1.06298   0.27368   0.74333   0.04597  
      	     	          	           	          	           	             	                                      	 0.31659  -1.23551   0.26409   0.65483  
      	     	          	           	          	           	             	                                      	 0.59883   0.18392  -0.86533   0.08258  
      	     	          	           	          	           	             	                                      	 0.05648   0.69546   0.12594  -0.87788  
  #28	15   	-6008.81172	Yes        	4        	0.639    	0.162    	 0.24406   0.22735   0.33697   0.19162	-1.17177   0.20832   0.90111   0.06234  
      	     	          	           	          	           	             	                                      	 0.22363  -1.03803   0.19371   0.62069  
      	     	          	           	          	           	             	                                      	 0.65264   0.13069  -0.86901   0.08567  
      	     	          	           	          	           	             	                                      	 0.07939   0.73641   0.15065  -0.96646  
  #29	15   	-6131.71161	Yes        	4        	0.599    	0.168    	 0.25705   0.24423   0.31179   0.18693	-1.06264   0.20378   0.82600   0.03286  
      	     	          	           	          	           	             	                                      	 0.21448  -1.00349   0.18014   0.60888  
      	     	          	           	          	           	             	                                      	 0.68097   0.14110  -0.93160   0.10952  
      	     	          	           	          	           	             	                                      	 0.04518   0.79553   0.18268  -1.02340  
  #30	15   	-6105.12326	Yes        	4        	0.593    	0.201    	 0.26825   0.23090   0.30852   0.19234	-1.05119   0.15723   0.86572   0.02824  
      	     	          	           	          	           	             	                                      	 0.18267  -1.00301   0.26493   0.55541  
      	     	          	           	          	           	             	                                      	 0.75272   0.19828  -1.04371   0.09272  
      	     	          	           	          	           	             	                                      	 0.03938   0.66678   0.14872  -0.85488  
  #31	15   	-6097.16672	Yes        	4        	0.628    	0.223    	 0.26765   0.22514   0.29599   0.21121	-1.08955   0.22873   0.81403   0.04679  
      	     	          	           	          	           	             	                                      	 0.27191  -1.07044   0.20164   0.59689  
      	     	          	           	          	           	             	                                      	 0.73609   0.15338  -0.98608   0.09661  
      	     	          	           	          	           	             	                                      	 0.05930   0.63625   0.13539  -0.83094  
  #32	15   	-6214.87361	Yes        	4        	0.591    	0.176    	 0.25005   0.22441   0.31360   0.21195	-1.08385   0.23197   0.80828   0.04360  
      	     	          	           	          	           	             	                                      	 0.25848  -1.14680   0.23170   0.65662  
      	     	          	           	          	           	             	                                      	 0.64448   0.16580  -0.90481   0.09452  
      	     	          	           	          	           	             	                                      	 0.05144   0.69520   0.13985  -0.88649  
  #33	15   	-6659.47564	Yes        	4        	0.480    	0.092    	 0.26125   0.22825   0.30257   0.20793	-1.07083   0.18655   0.84264   0.04164  
      	     	          	           	          	           	             	                                      	 0.21351  -1.17077   0.37821   0.57905  
      	     	          	           	          	           	             	                                      	 0.72754   0.28531  -1.01864   0.00579  
      	     	          	           	          	           	             	                                      	 0.05232   0.63567   0.00843  -0.69641  
  #34	15   	-6300.87321	Yes        	4        	0.571    	0.165    	 0.27124   0.21020   0.32863   0.18993	-1.09545   0.20725   0.81472   0.07349  
      	     	          	           	          	           	             	                                      	 0.26743  -1.13447   0.25330   0.61374  
      	     	          	           	          	           	             	                                      	 0.67244   0.16202  -0.89721   0.06275  
      	     	          	           	          	           	             	                                      	 0.10495   0.67922   0.10856  -0.89273  
  #35	15   	-6386.09945	Yes        	4        	0.616    	0.134    	 0.25247   0.23828   0.33624   0.17302	-1.02565   0.18061   0.81000   0.03504  
      	     	          	           	          	           	             	                                      	 0.19136  -1.06212   0.27117   0.59959  
      	     	          	           	          	           	             	                                      	 0.60819   0.19217  -0.90022   0.09985  
      	     	          	           	          	           	             	                                      	 0.05113   0.82575   0.19405  -1.07093  
  #36	15   	-6618.09985	Yes        	4        	0.657    	0.156    	 0.24400   0.23553   0.32417   0.19630	-1.05179   0.24726   0.74720   0.05733  
      	     	          	           	          	           	             	                                      	 0.25615  -1.16782   0.25642   0.65525  
      	     	          	           	          	           	             	                                      	 0.56240   0.18630  -0.83705   0.08834  
      	     	          	           	          	           	             	                                      	 0.07126   0.78622   0.14589  -1.00338  
  #37	15   	-6426.10191	Yes        	4        	0.560    	0.090    	 0.27458   0.23077   0.29493   0.19972	-1.01552   0.20056   0.77119   0.04376  
      	     	          	           	          	           	             	                                      	 0.23864  -1.05393   0.16796   0.64733  
      	     	          	           	          	           	             	                                      	 0.71797   0.13142  -0.96133   0.11195  
      	     	          	           	          	           	             	                                      	 0.06017   0.74797   0.16532  -0.97345  
  #38	15   	-6348.15567	Yes        	4        	0.665    	0.155    	 0.25239   0.22777   0.30967   0.21016	-1.09981   0.23334   0.83212   0.03434  
      	     	          	           	          	           	             	                                      	 0.25856  -1.13526   0.25462   0.62208  
      	     	          	           	          	           	             	                                      	 0.67821   0.18728  -0.93889   0.07340  
      	     	          	           	          	           	             	                                      	 0.04124   0.67421   0.10815  -0.82360  
  #39	15   	-6346.47935	Yes        	4        	0.714    	0.182    	 0.25391   0.19523   0.32647   0.22439	-1.03583   0.24005   0.77473   0.02105  
      	     	          	           	          	           	             	                                      	 0.31221  -1.36837   0.25823   0.79793  
      	     	          	           	          	           	             	                                      	 0.60253   0.15442  -0.85129   0.09434  
      	     	          	           	          	           	             	                                      	 0.02382   0.69424   0.13726  -0.85532  
  #40	15   	-6295.71944	Yes        	4        	0.606    	0.164    	 0.26968   0.22217   0.30432   0.20382	-0.94683   0.22488   0.68093   0.04102  
      	     	          	           	          	           	             	                                      	 0.27297  -1.23763   0.22174   0.74292  
      	     	          	           	          	           	             	                                      	 0.60342   0.16189  -0.86497   0.09967  
      	     	          	           	          	           	             	                                      	 0.05428   0.80983   0.14881  -1.01292  
  #41	15   	-6251.53752	Yes        	4        	0.590    	0.168    	 0.27836   0.21610   0.31329   0.19225	-0.99085   0.21078   0.74914   0.03093  
      	     	          	           	          	           	             	                                      	 0.27150  -1.14677   0.21570   0.65958  
      	     	          	           	          	           	             	                                      	 0.66561   0.14878  -0.92623   0.11184  
      	     	          	           	          	           	             	                                      	 0.04479   0.74143   0.18225  -0.96847  
  #42	15   	-6219.37975	Yes        	4        	0.663    	0.178    	 0.25173   0.22195   0.31398   0.21234	-1.06098   0.22906   0.78501   0.04691  
      	     	          	           	          	           	             	                                      	 0.25980  -1.16666   0.21923   0.68763  
      	     	          	           	          	           	             	                                      	 0.62937   0.15497  -0.88513   0.10079  
      	     	          	           	          	           	             	                                      	 0.05561   0.71874   0.14903  -0.92338  
  #43	15   	-6360.61282	Yes        	4        	0.650    	0.156    	 0.24333   0.20556   0.34236   0.20874	-1.18625   0.23899   0.90382   0.04345  
      	     	          	           	          	           	             	                                      	 0.28290  -1.14133   0.19950   0.65893  
      	     	          	           	          	           	             	                                      	 0.64238   0.11978  -0.86405   0.10188  
      	     	          	           	          	           	             	                                      	 0.05065   0.64892   0.16710  -0.86667  
  #44	15   	-6429.00503	Yes        	4        	0.826    	0.233    	 0.26601   0.23387   0.32950   0.17062	-0.99695   0.22533   0.73483   0.03678  
      	     	          	           	          	           	             	                                      	 0.25630  -1.12679   0.24928   0.62121  
      	     	          	           	          	           	             	                                      	 0.59324   0.17693  -0.86494   0.09476  
      	     	          	           	          	           	             	                                      	 0.05734   0.85147   0.18299  -1.09181  
  #45	15   	-6100.28313	Yes        	4        	0.576    	0.130    	 0.24923   0.23579   0.31851   0.19648	-1.14585   0.21883   0.87957   0.04745  
      	     	          	           	          	           	             	                                      	 0.23129  -1.03495   0.24745   0.55620  
      	     	          	           	          	           	             	                                      	 0.68825   0.18319  -0.94971   0.07827  
      	     	          	           	          	           	             	                                      	 0.06019   0.66751   0.12688  -0.85458  
  #46	15   	-6371.22414	Yes        	4        	0.640    	0.092    	 0.27416   0.22627   0.31782   0.18175	-1.00607   0.21218   0.75186   0.04202  
      	     	          	           	          	           	             	                                      	 0.25708  -1.10797   0.22179   0.62910  
      	     	          	           	          	           	             	                                      	 0.64857   0.15790  -0.90605   0.09958  
      	     	          	           	          	           	             	                                      	 0.06339   0.78320   0.17413  -1.02072  
  #47	15   	-6093.45649	Yes        	4        	0.613    	0.148    	 0.23486   0.22883   0.34431   0.19200	-1.18350   0.20250   0.92945   0.05154  
      	     	          	           	          	           	             	                                      	 0.20784  -1.08361   0.25159   0.62418  
      	     	          	           	          	           	             	                                      	 0.63399   0.16721  -0.86405   0.06285  
      	     	          	           	          	           	             	                                      	 0.06305   0.74391   0.11272  -0.91968  
  #48	15   	-6251.79415	Yes        	4        	0.634    	0.193    	 0.26720   0.20951   0.31841   0.20488	-1.02312   0.20962   0.78481   0.02869  
      	     	          	           	          	           	             	                                      	 0.26734  -1.18513   0.23092   0.68688  
      	     	          	           	          	           	             	                                      	 0.65856   0.15194  -0.91834   0.10784  
      	     	          	           	          	           	             	                                      	 0.03742   0.70242   0.16760  -0.90744  
  #49	15   	-6430.98183	Yes        	4        	0.615    	0.120    	 0.24194   0.24067   0.29780   0.21959	-1.12866   0.22342   0.86650   0.03874  
      	     	          	           	          	           	             	                                      	 0.22461  -1.04261   0.20998   0.60802  
      	     	          	           	          	           	             	                                      	 0.70397   0.16969  -0.97462   0.10095  
      	     	          	           	          	           	             	                                      	 0.04268   0.66638   0.13691  -0.84597  
  #50	15   	-6068.79293	Yes        	4        	0.573    	0.170    	 0.25235   0.22060   0.32965   0.19740	-1.03550   0.26350   0.71600   0.05600  
      	     	          	           	          	           	             	                                      	 0.30143  -1.29203   0.26729   0.72331  
      	     	          	           	          	           	             	                                      	 0.54810   0.17887  -0.78814   0.06117  
      	     	          	           	          	           	             	                                      	 0.07159   0.80833   0.10215  -0.98206  
  #51	15   	-6248.25748	Yes        	4        	0.635    	0.189    	 0.24544   0.23031   0.32376   0.20049	-1.11197   0.22631   0.83423   0.05143  
      	     	          	           	          	           	             	                                      	 0.24118  -1.16114   0.26776   0.65221  
      	     	          	           	          	           	             	                                      	 0.63243   0.19048  -0.86985   0.04694  
      	     	          	           	          	           	             	                                      	 0.06296   0.74923   0.07580  -0.88799  
  #52	15   	-6395.20256	Yes        	4        	0.578    	0.118    	 0.24462   0.23786   0.31653   0.20099	-1.12035   0.24895   0.79873   0.07267  
      	     	          	           	          	           	             	                                      	 0.25603  -1.06983   0.24095   0.57285  
      	     	          	           	          	           	             	                                      	 0.61727   0.18106  -0.90059   0.10226  
      	     	          	           	          	           	             	                                      	 0.08845   0.67794   0.16104  -0.92743  
  #53	15   	-6577.06113	Yes        	4        	0.778    	0.158    	 0.27348   0.19815   0.32949   0.19888	-1.08814   0.20027   0.83189   0.05598  
      	     	          	           	          	           	             	                                      	 0.27641  -1.14593   0.23233   0.63719  
      	     	          	           	          	           	             	                                      	 0.69047   0.13972  -0.92161   0.09142  
      	     	          	           	          	           	             	                                      	 0.07698   0.63484   0.15146  -0.86328  
  #54	15   	-6309.14108	Yes        	4        	0.644    	0.098    	 0.26592   0.21682   0.30816   0.20910	-0.99135   0.19601   0.74999   0.04534  
      	     	          	           	          	           	             	                                      	 0.24040  -1.17382   0.25361   0.67980  
      	     	          	           	          	           	             	                                      	 0.64720   0.17845  -0.93596   0.11032  
      	     	          	           	          	           	             	                                      	 0.05767   0.70489   0.16258  -0.92514  
  #55	15   	-6300.18154	Yes        	4        	0.623    	0.109    	 0.24910   0.22200   0.31250   0.21640	-1.10324   0.19322   0.85258   0.05744  
      	     	          	           	          	           	             	                                      	 0.21681  -1.08947   0.26989   0.60276  
      	     	          	           	          	           	             	                                      	 0.67960   0.19173  -0.97198   0.10065  
      	     	          	           	          	           	             	                                      	 0.06612   0.61837   0.14535  -0.82984  
  #56	15   	-6229.96729	Yes        	4        	0.601    	0.129    	 0.26785   0.21364   0.32799   0.19052	-1.03976   0.21560   0.76189   0.06227  
      	     	          	           	          	           	             	                                      	 0.27032  -1.20029   0.21079   0.71918  
      	     	          	           	          	           	             	                                      	 0.62221   0.13730  -0.82908   0.06957  
      	     	          	           	          	           	             	                                      	 0.08754   0.80643   0.11977  -1.01374  
  #57	15   	-6789.85863	Yes        	4        	0.614    	0.123    	 0.24672   0.22637   0.31231   0.21460	-1.07133   0.19461   0.84464   0.03209  
      	     	          	           	          	           	             	                                      	 0.21211  -1.13460   0.24209   0.68040  
      	     	          	           	          	           	             	                                      	 0.66727   0.17548  -0.92873   0.08599  
      	     	          	           	          	           	             	                                      	 0.03689   0.71769   0.12514  -0.87972  
  #58	15   	-6491.22839	Yes        	4        	0.608    	0.128    	 0.26092   0.21742   0.33086   0.19080	-1.09786   0.17352   0.86678   0.05756  
      	     	          	           	          	           	             	                                      	 0.20823  -1.04256   0.25493   0.57939  
      	     	          	           	          	           	             	                                      	 0.68356   0.16753  -0.94825   0.09716  
      	     	          	           	          	           	             	                                      	 0.07871   0.66023   0.16847  -0.90742  
  #59	15   	-6262.11223	Yes        	4        	0.692    	0.194    	 0.25564   0.23596   0.31644   0.19197	-1.04476   0.24003   0.76869   0.03605  
      	     	          	           	          	           	             	                                      	 0.26004  -1.10209   0.19434   0.64770  
      	     	          	           	          	           	             	                                      	 0.62099   0.14492  -0.87409   0.10819  
      	     	          	           	          	           	             	                                      	 0.04801   0.79611   0.17833  -1.02245  
  #60	15   	-6044.54030	Yes        	4        	0.638    	0.114    	 0.27077   0.23212   0.30040   0.19671	-0.98111   0.21062   0.72825   0.04224  
      	     	          	           	          	           	             	                                      	 0.24569  -1.12665   0.19143   0.68954  
      	     	          	           	          	           	             	                                      	 0.65643   0.14792  -0.90372   0.09937  
      	     	          	           	          	           	             	                                      	 0.05815   0.81368   0.15174  -1.02358  
  #61	15   	-6470.85746	Yes        	4        	0.654    	0.125    	 0.25677   0.21203   0.33311   0.19809	-1.07662   0.21515   0.81850   0.04298  
      	     	          	           	          	           	             	                                      	 0.26055  -1.17244   0.22635   0.68554  
      	     	          	           	          	           	             	                                      	 0.63093   0.14408  -0.86568   0.09068  
      	     	          	           	          	           	             	                                      	 0.05571   0.73379   0.15249  -0.94198  
  #62	15   	-6384.91559	Yes        	4        	0.668    	0.120    	 0.26713   0.21273   0.32318   0.19695	-1.05175   0.21205   0.79783   0.04187  
      	     	          	           	          	           	             	                                      	 0.26628  -1.14501   0.23599   0.64273  
      	     	          	           	          	           	             	                                      	 0.65947   0.15534  -0.91416   0.09935  
      	     	          	           	          	           	             	                                      	 0.05679   0.69422   0.16302  -0.91403  
  #63	15   	-6111.70416	Yes        	4        	0.601    	0.140    	 0.27274   0.20299   0.32103   0.20324	-0.95868   0.17260   0.73074   0.05534  
      	     	          	           	          	           	             	                                      	 0.23191  -1.20136   0.24815   0.72130  
      	     	          	           	          	           	             	                                      	 0.62083   0.15691  -0.90774   0.13000  
      	     	          	           	          	           	             	                                      	 0.07427   0.72044   0.20535  -1.00006  
  #64	15   	-6493.75616	Yes        	4        	0.599    	0.122    	 0.24405   0.23542   0.29564   0.22489	-1.02590   0.20782   0.76194   0.05614  
      	     	          	           	          	           	             	                                      	 0.21545  -1.12564   0.19280   0.71740  
      	     	          	           	          	           	             	                                      	 0.62899   0.15353  -0.90209   0.11957  
      	     	          	           	          	           	             	                                      	 0.06093   0.75097   0.15719  -0.96908  
  #65	15   	-6290.71872	Yes        	4        	0.581    	0.174    	 0.25034   0.23459   0.30483   0.21024	-1.06573   0.19633   0.81801   0.05139  
      	     	          	           	          	           	             	                                      	 0.20951  -1.06523   0.21642   0.63931  
      	     	          	           	          	           	             	                                      	 0.67177   0.16655  -0.94482   0.10650  
      	     	          	           	          	           	             	                                      	 0.06119   0.71336   0.15442  -0.92896  
  #66	15   	-6146.84088	Yes        	4        	0.617    	0.124    	 0.27620   0.21094   0.30441   0.20845	-0.92371   0.23546   0.65854   0.02971  
      	     	          	           	          	           	             	                                      	 0.30831  -1.33343   0.22064   0.80448  
      	     	          	           	          	           	             	                                      	 0.59751   0.15289  -0.84445   0.09405  
      	     	          	           	          	           	             	                                      	 0.03937   0.81412   0.13735  -0.99084  
  #67	15   	-6190.72160	Yes        	4        	0.629    	0.137    	 0.26907   0.20273   0.32431   0.20389	-1.06065   0.20420   0.82004   0.03641  
      	     	          	           	          	           	             	                                      	 0.27102  -1.18955   0.27254   0.64600  
      	     	          	           	          	           	             	                                      	 0.68036   0.17037  -0.93829   0.08755  
      	     	          	           	          	           	             	                                      	 0.04806   0.64233   0.13927  -0.82965  
  #68	15   	-6489.61693	Yes        	4        	0.555    	0.116    	 0.25146   0.21697   0.31284   0.21873	-1.15261   0.19621   0.91202   0.04438  
      	     	          	           	          	           	             	                                      	 0.22741  -1.06540   0.24162   0.59637  
      	     	          	           	          	           	             	                                      	 0.73310   0.16758  -0.99127   0.09060  
      	     	          	           	          	           	             	                                      	 0.05102   0.59156   0.12958  -0.77216  
  #69	15   	-6487.88917	Yes        	4        	0.640    	0.138    	 0.25146   0.22473   0.33305   0.19076	-1.00282   0.20181   0.76086   0.04016  
      	     	          	           	          	           	             	                                      	 0.22581  -1.20015   0.22219   0.75215  
      	     	          	           	          	           	             	                                      	 0.57447   0.14993  -0.81106   0.08667  
      	     	          	           	          	           	             	                                      	 0.05293   0.88611   0.15131  -1.09036  
  #70	15   	-5851.78914	Yes        	4        	0.620    	0.133    	 0.27246   0.21049   0.32681   0.19024	-1.00007   0.20035   0.76957   0.03016  
      	     	          	           	          	           	             	                                      	 0.25933  -1.20219   0.25028   0.69257  
      	     	          	           	          	           	             	                                      	 0.64159   0.16120  -0.89171   0.08891  
      	     	          	           	          	           	             	                                      	 0.04319   0.76629   0.15274  -0.96222  
  #71	15   	-6514.25536	Yes        	4        	0.549    	0.163    	 0.26031   0.21796   0.32302   0.19871	-1.05483   0.18054   0.82432   0.04997  
      	     	          	           	          	           	             	                                      	 0.21562  -1.09037   0.25112   0.62362  
      	     	          	           	          	           	             	                                      	 0.66431   0.16945  -0.94134   0.10759  
      	     	          	           	          	           	             	                                      	 0.06546   0.68406   0.17489  -0.92440  
  #72	15   	-6243.75598	Yes        	4        	0.544    	0.167    	 0.25423   0.23640   0.30320   0.20617	-1.11083   0.21571   0.83019   0.06493  
      	     	          	           	          	           	             	                                      	 0.23197  -1.03200   0.17155   0.62848  
      	     	          	           	          	           	             	                                      	 0.69610   0.13376  -0.92375   0.09388  
      	     	          	           	          	           	             	                                      	 0.08006   0.72065   0.13807  -0.93878  
  #73	15   	-6665.01196	Yes        	4        	0.503    	0.033    	 0.25630   0.21722   0.31875   0.20773	-1.10714   0.26413   0.78965   0.05336  
      	     	          	           	          	           	             	                                      	 0.31164  -1.15229   0.19322   0.64742  
      	     	          	           	          	           	             	                                      	 0.63494   0.13168  -0.87214   0.10551  
      	     	          	           	          	           	             	                                      	 0.06584   0.67701   0.16190  -0.90476  
  #74	15   	-6311.69950	Yes        	4        	0.685    	0.198    	 0.25876   0.24304   0.32098   0.17722	-1.16065   0.25400   0.85500   0.05164  
      	     	          	           	          	           	             	                                      	 0.27044  -1.00637   0.16205   0.57388  
      	     	          	           	          	           	             	                                      	 0.68926   0.12270  -0.87680   0.06484  
      	     	          	           	          	           	             	                                      	 0.07540   0.78702   0.11744  -0.97986  
  #75	15   	-6067.52205	Yes        	4        	0.619    	0.152    	 0.25332   0.22709   0.30504   0.21455	-1.11094   0.17443   0.88607   0.05043  
      	     	          	           	          	           	             	                                      	 0.19458  -1.03320   0.23314   0.60548  
      	     	          	           	          	           	             	                                      	 0.73582   0.17356  -1.00163   0.09225  
      	     	          	           	          	           	             	                                      	 0.05955   0.64085   0.13116  -0.83156  
  #76	15   	-6359.68931	Yes        	4        	0.661    	0.176    	 0.26162   0.21302   0.32696   0.19840	-1.09149   0.18365   0.85813   0.04971  
      	     	          	           	          	           	             	                                      	 0.22554  -1.05451   0.18022   0.64875  
      	     	          	           	          	           	             	                                      	 0.68663   0.11742  -0.91985   0.11580  
      	     	          	           	          	           	             	                                      	 0.06555   0.69654   0.19083  -0.95292  
  #77	15   	-6519.75490	Yes        	4        	0.587    	0.141    	 0.26163   0.22194   0.31484   0.20158	-1.00664   0.22500   0.75065   0.03099  
      	     	          	           	          	           	             	                                      	 0.26523  -1.17961   0.19528   0.71910  
      	     	          	           	          	           	             	                                      	 0.62377   0.13766  -0.86845   0.10702  
      	     	          	           	          	           	             	                                      	 0.04022   0.79173   0.16715  -0.99910  
  #78	15   	-6839.57281	Yes        	4        	0.671    	0.118    	 0.25520   0.23719   0.28598   0.22162	-0.95079   0.22194   0.68406   0.04478  
      	     	          	           	          	           	             	                                      	 0.23879  -1.19358   0.23151   0.72327  
      	     	          	           	          	           	             	                                      	 0.61043   0.19202  -0.91045   0.10800  
      	     	          	           	          	           	             	                                      	 0.05157   0.77410   0.13937  -0.96504  
  #79	15   	-6400.60602	Yes        	4        	0.595    	0.125    	 0.28120   0.21358   0.31080   0.19442	-0.99112   0.17027   0.78809   0.03277  
      	     	          	           	          	           	             	                                      	 0.22417  -1.11273   0.24216   0.64640  
      	     	          	           	          	           	             	                                      	 0.71304   0.16642  -0.98086   0.10141  
      	     	          	           	          	           	             	                                      	 0.04739   0.71010   0.16211  -0.91960  
  #80	15   	-6425.36872	Yes        	4        	0.584    	0.146    	 0.26504   0.21496   0.33158   0.18842	-1.09303   0.20748   0.82582   0.05973  
      	     	          	           	          	           	             	                                      	 0.25581  -1.12675   0.22143   0.64950  
      	     	          	           	          	           	             	                                      	 0.66008   0.14355  -0.87328   0.06965  
      	     	          	           	          	           	             	                                      	 0.08402   0.74096   0.12257  -0.94755  
  #81	15   	-6548.14360	Yes        	4        	0.654    	0.138    	 0.26297   0.23581   0.31127   0.18995	-1.10133   0.17133   0.86473   0.06528  
      	     	          	           	          	           	             	                                      	 0.19106  -0.93675   0.18893   0.55676  
      	     	          	           	          	           	             	                                      	 0.73056   0.14313  -0.98465   0.11096  
      	     	          	           	          	           	             	                                      	 0.09037   0.69118   0.18183  -0.96338  
  #82	15   	-6243.11582	Yes        	4        	0.652    	0.199    	 0.26422   0.23402   0.30908   0.19268	-0.99831   0.18967   0.77241   0.03623  
      	     	          	           	          	           	             	                                      	 0.21414  -1.08304   0.21621   0.65269  
      	     	          	           	          	           	             	                                      	 0.66028   0.16370  -0.93040   0.10642  
      	     	          	           	          	           	             	                                      	 0.04969   0.79271   0.17070  -1.01310  
  #83	15   	-6524.77589	Yes        	4        	0.705    	0.150    	 0.24552   0.21657   0.33119   0.20672	-1.13563   0.22411   0.85431   0.05721  
      	     	          	           	          	           	             	                                      	 0.25406  -1.14896   0.24181   0.65309  
      	     	          	           	          	           	             	                                      	 0.63332   0.15813  -0.87410   0.08265  
      	     	          	           	          	           	             	                                      	 0.06794   0.68421   0.13241  -0.88456  
  #84	15   	-6035.22005	Yes        	4        	0.557    	0.173    	 0.26747   0.21475   0.32203   0.19575	-1.10328   0.18429   0.86305   0.05594  
      	     	          	           	          	           	             	                                      	 0.22954  -1.05420   0.22282   0.60184  
      	     	          	           	          	           	             	                                      	 0.71683   0.14859  -0.95178   0.08636  
      	     	          	           	          	           	             	                                      	 0.07643   0.66026   0.14207  -0.87876  
  #85	15   	-6569.86706	Yes        	4        	0.645    	0.129    	 0.26250   0.23455   0.29349   0.20946	-1.04931   0.22803   0.78349   0.03779  
      	     	          	           	          	           	             	                                      	 0.25520  -1.12725   0.22714   0.64492  
      	     	          	           	          	           	             	                                      	 0.70076   0.18152  -0.95049   0.06821  
      	     	          	           	          	           	             	                                      	 0.04736   0.72216   0.09557  -0.86508  
  #86	15   	-6744.58241	Yes        	4        	0.610    	0.093    	 0.24680   0.22203   0.32308   0.20809	-1.11940   0.24081   0.80425   0.07433  
      	     	          	           	          	           	             	                                      	 0.26768  -1.12887   0.20573   0.65546  
      	     	          	           	          	           	             	                                      	 0.61438   0.14139  -0.85641   0.10064  
      	     	          	           	          	           	             	                                      	 0.08817   0.69939   0.15626  -0.94382  
  #87	15   	-6501.31831	Yes        	4        	0.614    	0.130    	 0.27449   0.21726   0.31313   0.19512	-1.03708   0.16526   0.80716   0.06466  
      	     	          	           	          	           	             	                                      	 0.20880  -1.05346   0.19712   0.64755  
      	     	          	           	          	           	             	                                      	 0.70754   0.13676  -0.94594   0.10163  
      	     	          	           	          	           	             	                                      	 0.09096   0.72101   0.16310  -0.97507  
  #88	15   	-6144.40031	Yes        	4        	0.639    	0.194    	 0.26301   0.21408   0.32891   0.19400	-1.04104   0.18271   0.82085   0.03748  
      	     	          	           	          	           	             	                                      	 0.22446  -1.14957   0.27385   0.65125  
      	     	          	           	          	           	             	                                      	 0.65638   0.17825  -0.92021   0.08559  
      	     	          	           	          	           	             	                                      	 0.05081   0.71866   0.14511  -0.91458  
  #89	15   	-6581.11631	Yes        	4        	0.551    	0.142    	 0.25309   0.22591   0.31452   0.20647	-1.02796   0.17419   0.80971   0.04406  
      	     	          	           	          	           	             	                                      	 0.19514  -1.09892   0.22979   0.67399  
      	     	          	           	          	           	             	                                      	 0.65157   0.16505  -0.92998   0.11336  
      	     	          	           	          	           	             	                                      	 0.05401   0.73745   0.17269  -0.96415  
  #90	15   	-6368.69671	Yes        	4        	0.582    	0.176    	 0.24683   0.22646   0.33043   0.19628	-1.09495   0.21857   0.82510   0.05128  
      	     	          	           	          	           	             	                                      	 0.23822  -1.10791   0.18966   0.68003  
      	     	          	           	          	           	             	                                      	 0.61635   0.12999  -0.84554   0.09921  
      	     	          	           	          	           	             	                                      	 0.06449   0.78460   0.16702  -1.01611  
  #91	15   	-6425.34107	Yes        	4        	0.624    	0.141    	 0.25320   0.20764   0.34690   0.19227	-1.05970   0.21906   0.79521   0.04543  
      	     	          	           	          	           	             	                                      	 0.26713  -1.24050   0.23191   0.74147  
      	     	          	           	          	           	             	                                      	 0.58043   0.13881  -0.80449   0.08525  
      	     	          	           	          	           	             	                                      	 0.05983   0.80075   0.15381  -1.01440  
  #92	15   	-6382.50499	Yes        	4        	0.590    	0.098    	 0.25513   0.21339   0.33080   0.20068	-1.06523   0.21034   0.79931   0.05558  
      	     	          	           	          	           	             	                                      	 0.25147  -1.20265   0.24277   0.70840  
      	     	          	           	          	           	             	                                      	 0.61646   0.15661  -0.84942   0.07636  
      	     	          	           	          	           	             	                                      	 0.07065   0.75328   0.12586  -0.94980  
  #93	15   	-6207.51245	Yes        	4        	0.582    	0.134    	 0.26788   0.24079   0.29881   0.19251	-1.06909   0.25600   0.74594   0.06716  
      	     	          	           	          	           	             	                                      	 0.28480  -1.06486   0.20262   0.57744  
      	     	          	           	          	           	             	                                      	 0.66873   0.16328  -0.91827   0.08626  
      	     	          	           	          	           	             	                                      	 0.09345   0.72225   0.13389  -0.94960  
  #94	15   	-6192.14748	Yes        	4        	0.623    	0.184    	 0.26030   0.22414   0.31795   0.19760	-1.11625   0.17934   0.88063   0.05627  
      	     	          	           	          	           	             	                                      	 0.20828  -1.04584   0.24348   0.59407  
      	     	          	           	          	           	             	                                      	 0.72096   0.17165  -0.96087   0.06826  
      	     	          	           	          	           	             	                                      	 0.07413   0.67387   0.10984  -0.85783  
  #95	15   	-6169.69571	Yes        	4        	0.521    	0.138    	 0.24589   0.22380   0.33682   0.19349	-1.12628   0.19665   0.88291   0.04673  
      	     	          	           	          	           	             	                                      	 0.21606  -1.08667   0.19833   0.67228  
      	     	          	           	          	           	             	                                      	 0.64455   0.13178  -0.86010   0.08377  
      	     	          	           	          	           	             	                                      	 0.05938   0.77759   0.14583  -0.98281  
  #96	15   	-6344.64390	Yes        	4        	0.556    	0.135    	 0.26055   0.22116   0.33262   0.18567	-1.06591   0.19431   0.82497   0.04663  
      	     	          	           	          	           	             	                                      	 0.22891  -1.07762   0.22744   0.62127  
      	     	          	           	          	           	             	                                      	 0.64621   0.15122  -0.90139   0.10396  
      	     	          	           	          	           	             	                                      	 0.06544   0.74003   0.18625  -0.99171  
  #97	15   	-6517.26771	Yes        	4        	0.646    	0.099    	 0.25655   0.23029   0.32619   0.18698	-1.07527   0.20530   0.77978   0.09019  
      	     	          	           	          	           	             	                                      	 0.22872  -1.07230   0.18583   0.65775  
      	     	          	           	          	           	             	                                      	 0.61331   0.13120  -0.83609   0.09159  
      	     	          	           	          	           	             	                                      	 0.12375   0.81009   0.15977  -1.09362  
  #98	15   	-6308.88273	Yes        	4        	0.731    	0.212    	 0.23919   0.24230   0.32870   0.18981	-1.16031   0.16811   0.94071   0.05149  
      	     	          	           	          	           	             	                                      	 0.16595  -0.97373   0.20758   0.60020  
      	     	          	           	          	           	             	                                      	 0.68455   0.15302  -0.91891   0.08134  
      	     	          	           	          	           	             	                                      	 0.06488   0.76620   0.14086  -0.97195  
  #99	15   	-6325.53443	Yes        	4        	0.632    	0.179    	 0.26426   0.21107   0.34289   0.18178	-1.12492   0.15127   0.91736   0.05629  
      	     	          	           	          	           	             	                                      	 0.18939  -1.06271   0.25384   0.61948  
      	     	          	           	          	           	             	                                      	 0.70699   0.15625  -0.91692   0.05367  
      	     	          	           	          	           	             	                                      	 0.08182   0.71926   0.10123  -0.90231  
  #100	15   	-6516.57089	Yes        	4        	0.727    	0.149    	 0.25670   0.22689   0.33441   0.18199	-1.10978   0.19490   0.87342   0.04146  
      	     	          	           	          	           	             	                                      	 0.22050  -1.03032   0.19470   0.61511  
      	     	          	           	          	           	             	                                      	 0.67047   0.13210  -0.89638   0.09381  
      	     	          	           	          	           	             	                                      	 0.05849   0.76688   0.17238  -0.99775  
