. Sequence file : [PNMAseqsToAlign3.fa.nonRedundant.group_PNMA_PNMA1_aln1_NT.fa.phyml]

. Model of nucleotides substitution : GTR

. Initial tree : [BioNJ]


. Data	Nb of 	Likelihood	Discrete   	Number of 	Gamma shape	Proportion of	Nucleotides frequencies               	Instantaneous rate matrix              	
  set	taxa	loglk     	gamma model	categories	parameter  	invariant    	f(A)      f(C)      f(G)      f(T)    	[A---------C---------G---------T------]	

  #1	16   	-4665.56585	Yes        	4        	0.903    	0.201    	 0.23187   0.22810   0.33123   0.20879	-1.00949   0.21320   0.71664   0.07965  
      	     	          	           	          	           	             	                                      	 0.21672  -1.17708   0.24086   0.71950  
      	     	          	           	          	           	             	                                      	 0.50166   0.16587  -0.80903   0.14150  
      	     	          	           	          	           	             	                                      	 0.08845   0.78604   0.22447  -1.09897  
  #2	16   	-4856.40786	Yes        	4        	0.739    	0.231    	 0.22420   0.25599   0.31962   0.20019	-0.98596   0.17920   0.72003   0.08673  
      	     	          	           	          	           	             	                                      	 0.15695  -1.08143   0.22040   0.70408  
      	     	          	           	          	           	             	                                      	 0.50508   0.17653  -0.81391   0.13230  
      	     	          	           	          	           	             	                                      	 0.09714   0.90034   0.21123  -1.20870  
  #3	16   	-4810.96590	Yes        	4        	0.587    	0.213    	 0.24251   0.23386   0.31014   0.21349	-0.97244   0.18573   0.67524   0.11147  
      	     	          	           	          	           	             	                                      	 0.19260  -1.14479   0.25746   0.69472  
      	     	          	           	          	           	             	                                      	 0.52799   0.19413  -0.85593   0.13380  
      	     	          	           	          	           	             	                                      	 0.12662   0.76100   0.19438  -1.08200  
  #4	16   	-4548.46244	Yes        	4        	0.612    	0.225    	 0.22118   0.24943   0.33553   0.19387	-1.10336   0.17662   0.79601   0.13072  
      	     	          	           	          	           	             	                                      	 0.15662  -0.99889   0.16075   0.68153  
      	     	          	           	          	           	             	                                      	 0.52472   0.11950  -0.78095   0.13673  
      	     	          	           	          	           	             	                                      	 0.14914   0.87684   0.23665  -1.26262  
  #5	16   	-4527.87022	Yes        	4        	0.620    	0.238    	 0.21561   0.24575   0.32639   0.21225	-1.08971   0.15965   0.78590   0.14417  
      	     	          	           	          	           	             	                                      	 0.14007  -0.98347   0.18149   0.66191  
      	     	          	           	          	           	             	                                      	 0.51916   0.13665  -0.83285   0.17704  
      	     	          	           	          	           	             	                                      	 0.14645   0.76636   0.27224  -1.18504  
  #6	16   	-4684.01255	Yes        	4        	0.754    	0.195    	 0.22875   0.24923   0.32992   0.19209	-1.11367   0.22320   0.80611   0.08435  
      	     	          	           	          	           	             	                                      	 0.20486  -1.02437   0.16364   0.65587  
      	     	          	           	          	           	             	                                      	 0.55893   0.12362  -0.80680   0.12425  
      	     	          	           	          	           	             	                                      	 0.10046   0.85098   0.21340  -1.16483  
  #7	16   	-4599.67338	Yes        	4        	0.682    	0.189    	 0.26390   0.22194   0.29710   0.21706	-0.95093   0.18810   0.64616   0.11667  
      	     	          	           	          	           	             	                                      	 0.22366  -1.11809   0.13442   0.76001  
      	     	          	           	          	           	             	                                      	 0.57397   0.10041  -0.84448   0.17009  
      	     	          	           	          	           	             	                                      	 0.14185   0.77711   0.23282  -1.15179  
  #8	16   	-4549.11301	Yes        	4        	0.693    	0.228    	 0.24132   0.23237   0.31265   0.21366	-1.02523   0.16250   0.72536   0.13737  
      	     	          	           	          	           	             	                                      	 0.16876  -1.02632   0.13420   0.72337  
      	     	          	           	          	           	             	                                      	 0.55986   0.09974  -0.83013   0.17053  
      	     	          	           	          	           	             	                                      	 0.15516   0.78674   0.24955  -1.19145  
  #9	16   	-4718.73033	Yes        	4        	0.648    	0.196    	 0.22048   0.24591   0.30483   0.22878	-0.94487   0.20678   0.64936   0.08873  
      	     	          	           	          	           	             	                                      	 0.18540  -1.17680   0.17609   0.81532  
      	     	          	           	          	           	             	                                      	 0.46969   0.14206  -0.76880   0.15706  
      	     	          	           	          	           	             	                                      	 0.08551   0.87636   0.20926  -1.17114  
  #10	16   	-4642.40886	Yes        	4        	0.659    	0.199    	 0.23464   0.24023   0.30679   0.21834	-1.01469   0.17490   0.71941   0.12037  
      	     	          	           	          	           	             	                                      	 0.17083  -1.09108   0.18935   0.73089  
      	     	          	           	          	           	             	                                      	 0.55022   0.14827  -0.83161   0.13313  
      	     	          	           	          	           	             	                                      	 0.12936   0.80418   0.18706  -1.12061  
  #11	16   	-4686.17086	Yes        	4        	0.680    	0.269    	 0.24074   0.22503   0.32456   0.20967	-1.02405   0.18369   0.71490   0.12545  
      	     	          	           	          	           	             	                                      	 0.19652  -1.12614   0.20522   0.72439  
      	     	          	           	          	           	             	                                      	 0.53028   0.14229  -0.80898   0.13642  
      	     	          	           	          	           	             	                                      	 0.14405   0.77747   0.21118  -1.13270  
  #12	16   	-4645.83158	Yes        	4        	0.652    	0.227    	 0.22319   0.23408   0.34921   0.19353	-1.14189   0.12542   0.87722   0.13924  
      	     	          	           	          	           	             	                                      	 0.11958  -0.97872   0.19933   0.65981  
      	     	          	           	          	           	             	                                      	 0.56067   0.13361  -0.82038   0.12610  
      	     	          	           	          	           	             	                                      	 0.16059   0.79807   0.22755  -1.18621  
  #13	16   	-4443.93880	Yes        	4        	0.566    	0.165    	 0.22899   0.23228   0.32305   0.21568	-1.13617   0.18660   0.82749   0.12208  
      	     	          	           	          	           	             	                                      	 0.18396  -1.03872   0.15768   0.69708  
      	     	          	           	          	           	             	                                      	 0.58654   0.11337  -0.82772   0.12781  
      	     	          	           	          	           	             	                                      	 0.12961   0.75074   0.19143  -1.07178  
  #14	16   	-4589.42161	Yes        	4        	0.650    	0.206    	 0.24891   0.22154   0.33308   0.19647	-1.06487   0.22133   0.74057   0.10297  
      	     	          	           	          	           	             	                                      	 0.24867  -1.08026   0.11913   0.71246  
      	     	          	           	          	           	             	                                      	 0.55343   0.07924  -0.78492   0.15225  
      	     	          	           	          	           	             	                                      	 0.13045   0.80338   0.25811  -1.19195  
  #15	16   	-4545.10693	Yes        	4        	0.627    	0.219    	 0.22861   0.24055   0.33996   0.19088	-0.95274   0.14252   0.74119   0.06903  
      	     	          	           	          	           	             	                                      	 0.13544  -1.13039   0.22884   0.76612  
      	     	          	           	          	           	             	                                      	 0.49841   0.16192  -0.78640   0.12607  
      	     	          	           	          	           	             	                                      	 0.08268   0.96550   0.22454  -1.27272  
  #16	16   	-4608.40108	Yes        	4        	0.720    	0.201    	 0.22509   0.25711   0.31591   0.20190	-1.00717   0.21770   0.66968   0.11978  
      	     	          	           	          	           	             	                                      	 0.19059  -1.10141   0.16777   0.74305  
      	     	          	           	          	           	             	                                      	 0.47715   0.13654  -0.73753   0.12384  
      	     	          	           	          	           	             	                                      	 0.13354   0.94625   0.19377  -1.27357  
  #17	16   	-4714.36231	Yes        	4        	0.532    	0.202    	 0.23336   0.24719   0.29828   0.22118	-1.02101   0.11538   0.75439   0.15123  
      	     	          	           	          	           	             	                                      	 0.10893  -0.93879   0.18587   0.64399  
      	     	          	           	          	           	             	                                      	 0.59020   0.15404  -0.93402   0.18978  
      	     	          	           	          	           	             	                                      	 0.15957   0.71973   0.25593  -1.13523  
  #18	16   	-4527.59690	Yes        	4        	0.571    	0.240    	 0.22260   0.21413   0.34379   0.21948	-0.95716   0.13785   0.69297   0.12634  
      	     	          	           	          	           	             	                                      	 0.14330  -1.26089   0.15002   0.96757  
      	     	          	           	          	           	             	                                      	 0.44869   0.09344  -0.68068   0.13855  
      	     	          	           	          	           	             	                                      	 0.12813   0.94396   0.21702  -1.28910  
  #19	16   	-4644.09262	Yes        	4        	0.606    	0.214    	 0.23449   0.23708   0.32925   0.19918	-0.97840   0.16252   0.69547   0.12040  
      	     	          	           	          	           	             	                                      	 0.16075  -1.07550   0.19905   0.71571  
      	     	          	           	          	           	             	                                      	 0.49531   0.14332  -0.80174   0.16311  
      	     	          	           	          	           	             	                                      	 0.14175   0.85191   0.26963  -1.26330  
  #20	16   	-4701.67307	Yes        	4        	0.608    	0.192    	 0.23196   0.23996   0.31189   0.21619	-1.06112   0.20319   0.68218   0.17576  
      	     	          	           	          	           	             	                                      	 0.19641  -1.07479   0.15445   0.72393  
      	     	          	           	          	           	             	                                      	 0.50735   0.11883  -0.76432   0.13814  
      	     	          	           	          	           	             	                                      	 0.18858   0.80355   0.19929  -1.19142  
  #21	16   	-4369.53065	Yes        	4        	0.578    	0.226    	 0.22549   0.24820   0.33543   0.19088	-0.96372   0.19638   0.64395   0.12338  
      	     	          	           	          	           	             	                                      	 0.17841  -1.16312   0.17975   0.80496  
      	     	          	           	          	           	             	                                      	 0.43288   0.13301  -0.68002   0.11413  
      	     	          	           	          	           	             	                                      	 0.14575   1.04672   0.20057  -1.39305  
  #22	16   	-4813.60715	Yes        	4        	0.739    	0.237    	 0.23818   0.23071   0.30963   0.22147	-0.95519   0.19022   0.67006   0.09490  
      	     	          	           	          	           	             	                                      	 0.19639  -1.20372   0.20751   0.79983  
      	     	          	           	          	           	             	                                      	 0.51544   0.15462  -0.79952   0.12946  
      	     	          	           	          	           	             	                                      	 0.10206   0.83320   0.18100  -1.11626  
  #23	16   	-4546.72444	Yes        	4        	0.678    	0.227    	 0.24779   0.24744   0.31883   0.18593	-0.90263   0.11391   0.65908   0.12964  
      	     	          	           	          	           	             	                                      	 0.11408  -1.02139   0.20484   0.70247  
      	     	          	           	          	           	             	                                      	 0.51222   0.15897  -0.83375   0.16256  
      	     	          	           	          	           	             	                                      	 0.17278   0.93485   0.27875  -1.38638  
  #24	16   	-4553.83023	Yes        	4        	0.562    	0.197    	 0.24476   0.22581   0.32888   0.20055	-1.01365   0.23392   0.69150   0.08824  
      	     	          	           	          	           	             	                                      	 0.25355  -1.18096   0.13776   0.78965  
      	     	          	           	          	           	             	                                      	 0.51463   0.09459  -0.73839   0.12917  
      	     	          	           	          	           	             	                                      	 0.10769   0.88908   0.21183  -1.20859  
  #25	16   	-4713.39040	Yes        	4        	0.530    	0.214    	 0.22788   0.23288   0.33702   0.20221	-1.11142   0.16930   0.81715   0.12497  
      	     	          	           	          	           	             	                                      	 0.16566  -1.04282   0.19133   0.68583  
      	     	          	           	          	           	             	                                      	 0.55252   0.13221  -0.81070   0.12596  
      	     	          	           	          	           	             	                                      	 0.14083   0.78986   0.20994  -1.14063  
  #26	16   	-4918.53207	Yes        	4        	0.770    	0.182    	 0.24160   0.24366   0.32541   0.18934	-0.98992   0.24845   0.65631   0.08516  
      	     	          	           	          	           	             	                                      	 0.24635  -1.13432   0.19986   0.68810  
      	     	          	           	          	           	             	                                      	 0.48728   0.14965  -0.77361   0.13668  
      	     	          	           	          	           	             	                                      	 0.10867   0.88553   0.23490  -1.22910  
  #27	16   	-4850.59975	Yes        	4        	0.782    	0.215    	 0.21741   0.26155   0.32753   0.19351	-1.03975   0.21977   0.66786   0.15213  
      	     	          	           	          	           	             	                                      	 0.18268  -1.07474   0.20231   0.68975  
      	     	          	           	          	           	             	                                      	 0.44332   0.16156  -0.72892   0.12405  
      	     	          	           	          	           	             	                                      	 0.17091   0.93225   0.20995  -1.31312  
  #28	16   	-4329.93926	Yes        	4        	0.644    	0.240    	 0.24881   0.23445   0.32503   0.19171	-0.91819   0.16748   0.64551   0.10520  
      	     	          	           	          	           	             	                                      	 0.17774  -1.15360   0.20484   0.77103  
      	     	          	           	          	           	             	                                      	 0.49412   0.14775  -0.77342   0.13155  
      	     	          	           	          	           	             	                                      	 0.13654   0.94290   0.22304  -1.30247  
  #29	16   	-4823.66219	Yes        	4        	0.720    	0.206    	 0.22279   0.26288   0.31226   0.20207	-1.09238   0.21526   0.78148   0.09564  
      	     	          	           	          	           	             	                                      	 0.18243  -0.98897   0.16573   0.64082  
      	     	          	           	          	           	             	                                      	 0.55757   0.13952  -0.83994   0.14285  
      	     	          	           	          	           	             	                                      	 0.10545   0.83364   0.22075  -1.15984  
  #30	16   	-4719.85524	Yes        	4        	0.782    	0.216    	 0.23337   0.23155   0.30477   0.23031	-0.98888   0.18711   0.69237   0.10940  
      	     	          	           	          	           	             	                                      	 0.18859  -1.15804   0.12712   0.84234  
      	     	          	           	          	           	             	                                      	 0.53018   0.09658  -0.77358   0.14682  
      	     	          	           	          	           	             	                                      	 0.11085   0.84686   0.19429  -1.15200  
  #31	16   	-4513.09386	Yes        	4        	0.649    	0.182    	 0.22471   0.24007   0.30716   0.22806	-1.02415   0.20113   0.71159   0.11143  
      	     	          	           	          	           	             	                                      	 0.18826  -1.12468   0.16785   0.76857  
      	     	          	           	          	           	             	                                      	 0.52057   0.13119  -0.79846   0.14671  
      	     	          	           	          	           	             	                                      	 0.10979   0.80903   0.19759  -1.11640  
  #32	16   	-4485.30192	Yes        	4        	0.639    	0.208    	 0.25041   0.23552   0.32115   0.19291	-0.88084   0.15201   0.61426   0.11456  
      	     	          	           	          	           	             	                                      	 0.16162  -1.19141   0.22458   0.80521  
      	     	          	           	          	           	             	                                      	 0.47896   0.16470  -0.75853   0.11486  
      	     	          	           	          	           	             	                                      	 0.14871   0.98305   0.19121  -1.32298  
  #33	16   	-4462.65784	Yes        	4        	0.649    	0.257    	 0.24135   0.23316   0.33906   0.18643	-0.89159   0.13525   0.67654   0.07980  
      	     	          	           	          	           	             	                                      	 0.13999  -1.19039   0.25296   0.79743  
      	     	          	           	          	           	             	                                      	 0.48157   0.17395  -0.77321   0.11769  
      	     	          	           	          	           	             	                                      	 0.10331   0.99736   0.21404  -1.31471  
  #34	16   	-4321.20240	Yes        	4        	0.637    	0.241    	 0.22842   0.23242   0.34165   0.19752	-1.11798   0.18674   0.82071   0.11053  
      	     	          	           	          	           	             	                                      	 0.18352  -1.06078   0.18571   0.69155  
      	     	          	           	          	           	             	                                      	 0.54870   0.12633  -0.79429   0.11927  
      	     	          	           	          	           	             	                                      	 0.12782   0.81374   0.20630  -1.14786  
  #35	16   	-4624.16952	Yes        	4        	0.697    	0.227    	 0.24289   0.24119   0.30822   0.20770	-0.98170   0.17005   0.73193   0.07972  
      	     	          	           	          	           	             	                                      	 0.17125  -1.11421   0.20447   0.73849  
      	     	          	           	          	           	             	                                      	 0.57679   0.16000  -0.84750   0.11071  
      	     	          	           	          	           	             	                                      	 0.09323   0.85756   0.16430  -1.11509  
  #36	16   	-4734.95095	Yes        	4        	0.541    	0.181    	 0.23031   0.25815   0.30436   0.20718	-0.95817   0.19823   0.68005   0.07989  
      	     	          	           	          	           	             	                                      	 0.17686  -1.12517   0.17230   0.77601  
      	     	          	           	          	           	             	                                      	 0.51461   0.14614  -0.77415   0.11340  
      	     	          	           	          	           	             	                                      	 0.08880   0.96693   0.16659  -1.22232  
  #37	16   	-4615.39334	Yes        	4        	0.610    	0.213    	 0.22258   0.24235   0.31327   0.22181	-1.06604   0.19156   0.75292   0.12157  
      	     	          	           	          	           	             	                                      	 0.17593  -1.12348   0.14932   0.79823  
      	     	          	           	          	           	             	                                      	 0.53495   0.11552  -0.75609   0.10562  
      	     	          	           	          	           	             	                                      	 0.12198   0.87214   0.14917  -1.14330  
  #38	16   	-4386.63310	Yes        	4        	0.605    	0.268    	 0.24226   0.22831   0.33431   0.19511	-0.94362   0.12003   0.72741   0.09618  
      	     	          	           	          	           	             	                                      	 0.12736  -1.13651   0.20781   0.80134  
      	     	          	           	          	           	             	                                      	 0.52712   0.14191  -0.79167   0.12264  
      	     	          	           	          	           	             	                                      	 0.11942   0.93768   0.21014  -1.26723  
  #39	16   	-4583.17217	Yes        	4        	0.579    	0.231    	 0.23690   0.23790   0.32678   0.19841	-1.04243   0.13351   0.76266   0.14626  
      	     	          	           	          	           	             	                                      	 0.13295  -1.01079   0.26284   0.61501  
      	     	          	           	          	           	             	                                      	 0.55290   0.19135  -0.87952   0.13526  
      	     	          	           	          	           	             	                                      	 0.17464   0.73742   0.22277  -1.13483  
  #40	16   	-4395.51966	Yes        	4        	0.567    	0.197    	 0.24422   0.23992   0.30496   0.21090	-1.02831   0.16608   0.73203   0.13020  
      	     	          	           	          	           	             	                                      	 0.16905  -1.00391   0.19969   0.63517  
      	     	          	           	          	           	             	                                      	 0.58621   0.15710  -0.90258   0.15927  
      	     	          	           	          	           	             	                                      	 0.15077   0.72257   0.23030  -1.10364  
  #41	16   	-4626.99759	Yes        	4        	0.681    	0.247    	 0.22812   0.23142   0.33341   0.20705	-1.06247   0.13491   0.79267   0.13490  
      	     	          	           	          	           	             	                                      	 0.13299  -1.08726   0.23660   0.71767  
      	     	          	           	          	           	             	                                      	 0.54234   0.16422  -0.81692   0.11035  
      	     	          	           	          	           	             	                                      	 0.14863   0.80213   0.17770  -1.12845  
  #42	16   	-4240.16418	Yes        	4        	0.420    	0.230    	 0.23948   0.22265   0.31940   0.21847	-0.98245   0.10790   0.76002   0.11454  
      	     	          	           	          	           	             	                                      	 0.11605  -1.18099   0.21571   0.84923  
      	     	          	           	          	           	             	                                      	 0.56984   0.15037  -0.80667   0.08647  
      	     	          	           	          	           	             	                                      	 0.12555   0.86547   0.12641  -1.11744  
  #43	16   	-4637.83567	Yes        	4        	0.676    	0.235    	 0.23364   0.24823   0.32535   0.19278	-1.01537   0.16727   0.76794   0.08016  
      	     	          	           	          	           	             	                                      	 0.15743  -1.04866   0.19079   0.70043  
      	     	          	           	          	           	             	                                      	 0.55147   0.14557  -0.82472   0.12768  
      	     	          	           	          	           	             	                                      	 0.09715   0.90190   0.21548  -1.21453  
  #44	16   	-4711.59697	Yes        	4        	0.712    	0.181    	 0.21199   0.21717   0.35066   0.22018	-1.07041   0.16949   0.79558   0.10534  
      	     	          	           	          	           	             	                                      	 0.16545  -1.23141   0.21747   0.84848  
      	     	          	           	          	           	             	                                      	 0.48098   0.13469  -0.73425   0.11858  
      	     	          	           	          	           	             	                                      	 0.10142   0.83692   0.18885  -1.12719  
  #45	16   	-4675.97829	Yes        	4        	0.692    	0.253    	 0.24319   0.23230   0.31299   0.21152	-0.95323   0.14879   0.71766   0.08679  
      	     	          	           	          	           	             	                                      	 0.15576  -1.07329   0.15411   0.76341  
      	     	          	           	          	           	             	                                      	 0.55761   0.11438  -0.84786   0.17587  
      	     	          	           	          	           	             	                                      	 0.09978   0.83840   0.26023  -1.19840  
  #46	16   	-4698.08566	Yes        	4        	0.575    	0.182    	 0.25143   0.23836   0.30498   0.20523	-0.95136   0.19342   0.70268   0.05526  
      	     	          	           	          	           	             	                                      	 0.20402  -1.13958   0.17120   0.76436  
      	     	          	           	          	           	             	                                      	 0.57928   0.13380  -0.83702   0.12394  
      	     	          	           	          	           	             	                                      	 0.06770   0.88777   0.18419  -1.13966  
  #47	16   	-4597.62978	Yes        	4        	0.592    	0.245    	 0.24744   0.23702   0.32584   0.18970	-0.94362   0.14299   0.70469   0.09594  
      	     	          	           	          	           	             	                                      	 0.14927  -1.05405   0.15661   0.74817  
      	     	          	           	          	           	             	                                      	 0.53513   0.11392  -0.80882   0.15977  
      	     	          	           	          	           	             	                                      	 0.12515   0.93480   0.27443  -1.33438  
  #48	16   	-4524.05441	Yes        	4        	0.589    	0.259    	 0.21288   0.25655   0.32529   0.20529	-1.11288   0.16484   0.85177   0.09627  
      	     	          	           	          	           	             	                                      	 0.13678  -0.98799   0.16862   0.68259  
      	     	          	           	          	           	             	                                      	 0.55742   0.13298  -0.82787   0.13747  
      	     	          	           	          	           	             	                                      	 0.09983   0.85304   0.21783  -1.17071  
  #49	16   	-4576.40993	Yes        	4        	0.694    	0.200    	 0.21948   0.24709   0.32890   0.20453	-1.02838   0.16867   0.73627   0.12344  
      	     	          	           	          	           	             	                                      	 0.14983  -1.09682   0.22245   0.72454  
      	     	          	           	          	           	             	                                      	 0.49133   0.16712  -0.78097   0.12253  
      	     	          	           	          	           	             	                                      	 0.13247   0.87528   0.19703  -1.20478  
  #50	16   	-4518.75433	Yes        	4        	0.656    	0.239    	 0.22865   0.23206   0.33418   0.20511	-1.05070   0.21375   0.70141   0.13555  
      	     	          	           	          	           	             	                                      	 0.21060  -1.17094   0.23355   0.72679  
      	     	          	           	          	           	             	                                      	 0.47992   0.16218  -0.75251   0.11041  
      	     	          	           	          	           	             	                                      	 0.15111   0.82230   0.17989  -1.15330  
  #51	16   	-4552.55677	Yes        	4        	0.558    	0.226    	 0.24700   0.23028   0.31103   0.21169	-0.97494   0.25181   0.62308   0.10005  
      	     	          	           	          	           	             	                                      	 0.27009  -1.19272   0.18775   0.73488  
      	     	          	           	          	           	             	                                      	 0.49481   0.13901  -0.78404   0.15022  
      	     	          	           	          	           	             	                                      	 0.11674   0.79944   0.22072  -1.13690  
  #52	16   	-4771.16838	Yes        	4        	0.639    	0.211    	 0.23522   0.23758   0.32853   0.19867	-1.05842   0.16950   0.77031   0.11861  
      	     	          	           	          	           	             	                                      	 0.16782  -1.07218   0.20470   0.69965  
      	     	          	           	          	           	             	                                      	 0.55154   0.14803  -0.80969   0.11012  
      	     	          	           	          	           	             	                                      	 0.14043   0.83668   0.18210  -1.15921  
  #53	16   	-4524.93885	Yes        	4        	0.651    	0.205    	 0.23955   0.24526   0.28534   0.22984	-0.91878   0.16858   0.66928   0.08091  
      	     	          	           	          	           	             	                                      	 0.16466  -1.09562   0.17081   0.76014  
      	     	          	           	          	           	             	                                      	 0.56187   0.14682  -0.88944   0.18075  
      	     	          	           	          	           	             	                                      	 0.08433   0.81115   0.22440  -1.11988  
  #54	16   	-4636.89541	Yes        	4        	0.855    	0.244    	 0.22947   0.25084   0.29881   0.22088	-1.08346   0.17857   0.75766   0.14723  
      	     	          	           	          	           	             	                                      	 0.16336  -0.99891   0.12260   0.71295  
      	     	          	           	          	           	             	                                      	 0.58186   0.10292  -0.82462   0.13984  
      	     	          	           	          	           	             	                                      	 0.15296   0.80965   0.18918  -1.15178  
  #55	16   	-4619.30984	Yes        	4        	0.723    	0.223    	 0.21800   0.25814   0.32199   0.20187	-1.08613   0.20949   0.78408   0.09256  
      	     	          	           	          	           	             	                                      	 0.17692  -1.02912   0.15563   0.69657  
      	     	          	           	          	           	             	                                      	 0.53084   0.12477  -0.78990   0.13429  
      	     	          	           	          	           	             	                                      	 0.09995   0.89071   0.21420  -1.20487  
  #56	16   	-4799.67451	Yes        	4        	0.695    	0.212    	 0.24554   0.22565   0.34601   0.18280	-1.01797   0.20216   0.70757   0.10825  
      	     	          	           	          	           	             	                                      	 0.21998  -1.12594   0.17634   0.72962  
      	     	          	           	          	           	             	                                      	 0.50212   0.11500  -0.74896   0.13183  
      	     	          	           	          	           	             	                                      	 0.14540   0.90063   0.24954  -1.29557  
  #57	16   	-4683.26879	Yes        	4        	0.683    	0.209    	 0.23679   0.25026   0.32060   0.19235	-1.00211   0.14569   0.74452   0.11190  
      	     	          	           	          	           	             	                                      	 0.13784  -1.01765   0.20833   0.67148  
      	     	          	           	          	           	             	                                      	 0.54988   0.16262  -0.84516   0.13266  
      	     	          	           	          	           	             	                                      	 0.13775   0.87366   0.22111  -1.23252  
  #58	16   	-4588.80262	Yes        	4        	0.596    	0.239    	 0.21798   0.24158   0.32558   0.21486	-1.08571   0.18345   0.78069   0.12156  
      	     	          	           	          	           	             	                                      	 0.16553  -1.08160   0.22124   0.69483  
      	     	          	           	          	           	             	                                      	 0.52267   0.16416  -0.81594   0.12910  
      	     	          	           	          	           	             	                                      	 0.12333   0.78125   0.19564  -1.10022  
  #59	16   	-4707.63376	Yes        	4        	0.602    	0.195    	 0.24870   0.24199   0.29032   0.21898	-0.98242   0.16667   0.67319   0.14256  
      	     	          	           	          	           	             	                                      	 0.17129  -1.07211   0.21724   0.68358  
      	     	          	           	          	           	             	                                      	 0.57669   0.18107  -0.88753   0.12977  
      	     	          	           	          	           	             	                                      	 0.16191   0.75543   0.17205  -1.08939  
  #60	16   	-4491.88423	Yes        	4        	0.577    	0.179    	 0.23768   0.24622   0.30944   0.20666	-1.02001   0.19356   0.75846   0.06798  
      	     	          	           	          	           	             	                                      	 0.18685  -1.07177   0.19049   0.69442  
      	     	          	           	          	           	             	                                      	 0.58259   0.15157  -0.86239   0.12823  
      	     	          	           	          	           	             	                                      	 0.07818   0.82734   0.19200  -1.09752  
  #61	16   	-4786.61182	Yes        	4        	0.640    	0.219    	 0.24169   0.24110   0.31420   0.20301	-0.91842   0.14135   0.68660   0.09046  
      	     	          	           	          	           	             	                                      	 0.14170  -1.06567   0.18566   0.73832  
      	     	          	           	          	           	             	                                      	 0.52814   0.14246  -0.84648   0.17588  
      	     	          	           	          	           	             	                                      	 0.10770   0.87682   0.27222  -1.25673  
  #62	16   	-4677.13593	Yes        	4        	0.783    	0.212    	 0.22496   0.22613   0.33237   0.21654	-1.02248   0.20178   0.74532   0.07538  
      	     	          	           	          	           	             	                                      	 0.20073  -1.17134   0.12787   0.84274  
      	     	          	           	          	           	             	                                      	 0.50445   0.08700  -0.74338   0.15194  
      	     	          	           	          	           	             	                                      	 0.07831   0.88008   0.23322  -1.19161  
  #63	16   	-4883.07250	Yes        	4        	0.703    	0.180    	 0.22150   0.25752   0.32574   0.19524	-1.06297   0.22173   0.74458   0.09666  
      	     	          	           	          	           	             	                                      	 0.19071  -1.03084   0.17271   0.66741  
      	     	          	           	          	           	             	                                      	 0.50630   0.13654  -0.79083   0.14800  
      	     	          	           	          	           	             	                                      	 0.10965   0.88029   0.24691  -1.23686  
  #64	16   	-4723.42514	Yes        	4        	0.907    	0.219    	 0.24251   0.24375   0.31962   0.19413	-1.02683   0.14330   0.76674   0.11678  
      	     	          	           	          	           	             	                                      	 0.14258  -0.97953   0.16278   0.67418  
      	     	          	           	          	           	             	                                      	 0.58176   0.12414  -0.85289   0.14699  
      	     	          	           	          	           	             	                                      	 0.14589   0.84650   0.24201  -1.23440  
  #65	16   	-4388.98510	Yes        	4        	0.592    	0.215    	 0.23882   0.24335   0.31781   0.20002	-1.00716   0.20121   0.70495   0.10100  
      	     	          	           	          	           	             	                                      	 0.19746  -1.11474   0.16387   0.75340  
      	     	          	           	          	           	             	                                      	 0.52972   0.12548  -0.76928   0.11408  
      	     	          	           	          	           	             	                                      	 0.12059   0.91659   0.18126  -1.21844  
  #66	16   	-4627.75477	Yes        	4        	0.523    	0.208    	 0.24869   0.25034   0.30402   0.19695	-0.89387   0.13619   0.63419   0.12349  
      	     	          	           	          	           	             	                                      	 0.13529  -1.05351   0.23978   0.67843  
      	     	          	           	          	           	             	                                      	 0.51877   0.19744  -0.87357   0.15735  
      	     	          	           	          	           	             	                                      	 0.15593   0.86233   0.24290  -1.26116  
  #67	16   	-4832.35096	Yes        	4        	0.590    	0.194    	 0.21753   0.25608   0.32688   0.19952	-1.10839   0.16228   0.82993   0.11618  
      	     	          	           	          	           	             	                                      	 0.13785  -0.98356   0.22193   0.62378  
      	     	          	           	          	           	             	                                      	 0.55229   0.17386  -0.85564   0.12949  
      	     	          	           	          	           	             	                                      	 0.12667   0.80061   0.21216  -1.13943  
  #68	16   	-4395.63079	Yes        	4        	0.623    	0.188    	 0.22746   0.22599   0.34034   0.20621	-1.08999   0.20017   0.77694   0.11288  
      	     	          	           	          	           	             	                                      	 0.20147  -1.15165   0.18567   0.76451  
      	     	          	           	          	           	             	                                      	 0.51926   0.12329  -0.75227   0.10972  
      	     	          	           	          	           	             	                                      	 0.12451   0.83782   0.18107  -1.14340  
  #69	16   	-4379.30552	Yes        	4        	0.696    	0.250    	 0.24258   0.21721   0.32417   0.21603	-0.99625   0.13526   0.77511   0.08588  
      	     	          	           	          	           	             	                                      	 0.15106  -1.12187   0.17071   0.80010  
      	     	          	           	          	           	             	                                      	 0.58003   0.11438  -0.84080   0.14639  
      	     	          	           	          	           	             	                                      	 0.09643   0.80446   0.21966  -1.12055  
  #70	16   	-4540.94668	Yes        	4        	0.586    	0.208    	 0.23086   0.23356   0.32862   0.20696	-1.05725   0.14451   0.76482   0.14792  
      	     	          	           	          	           	             	                                      	 0.14283  -1.02592   0.20008   0.68300  
      	     	          	           	          	           	             	                                      	 0.53727   0.14220  -0.83064   0.15116  
      	     	          	           	          	           	             	                                      	 0.16501   0.77080   0.24002  -1.17583  
  #71	16   	-4439.03440	Yes        	4        	0.647    	0.215    	 0.21251   0.24164   0.34640   0.19945	-1.13781   0.22414   0.79820   0.11547  
      	     	          	           	          	           	             	                                      	 0.19712  -1.06251   0.16836   0.69702  
      	     	          	           	          	           	             	                                      	 0.48969   0.11745  -0.74885   0.14171  
      	     	          	           	          	           	             	                                      	 0.12303   0.84449   0.24612  -1.21363  
  #72	16   	-4655.31713	Yes        	4        	0.686    	0.250    	 0.23801   0.25749   0.29192   0.21258	-0.97974   0.16709   0.67366   0.13899  
      	     	          	           	          	           	             	                                      	 0.15445  -1.07834   0.17794   0.74594  
      	     	          	           	          	           	             	                                      	 0.54925   0.15696  -0.80529   0.09907  
      	     	          	           	          	           	             	                                      	 0.15561   0.90352   0.13605  -1.19518  
  #73	16   	-4570.26833	Yes        	4        	0.578    	0.199    	 0.24906   0.22663   0.31187   0.21244	-0.94436   0.21886   0.60262   0.12287  
      	     	          	           	          	           	             	                                      	 0.24052  -1.19103   0.22053   0.72997  
      	     	          	           	          	           	             	                                      	 0.48126   0.16026  -0.79988   0.15836  
      	     	          	           	          	           	             	                                      	 0.14405   0.77872   0.23247  -1.15523  
  #74	16   	-4621.01615	Yes        	4        	0.567    	0.192    	 0.23137   0.22902   0.32631   0.21330	-0.99082   0.22400   0.65243   0.11439  
      	     	          	           	          	           	             	                                      	 0.22631  -1.23661   0.18945   0.82086  
      	     	          	           	          	           	             	                                      	 0.46261   0.13296  -0.71624   0.12067  
      	     	          	           	          	           	             	                                      	 0.12408   0.88134   0.18460  -1.19002  
  #75	16   	-4895.19418	Yes        	4        	0.646    	0.226    	 0.22932   0.24051   0.33645   0.19371	-0.91614   0.11853   0.70685   0.09076  
      	     	          	           	          	           	             	                                      	 0.11302  -1.13547   0.21318   0.80926  
      	     	          	           	          	           	             	                                      	 0.48179   0.15239  -0.76495   0.13077  
      	     	          	           	          	           	             	                                      	 0.10744   1.00475   0.22713  -1.33932  
  #76	16   	-4452.80783	Yes        	4        	0.634    	0.218    	 0.23677   0.24537   0.28898   0.22889	-0.91974   0.17083   0.65503   0.09388  
      	     	          	           	          	           	             	                                      	 0.16485  -1.15321   0.19439   0.79397  
      	     	          	           	          	           	             	                                      	 0.53670   0.16505  -0.83920   0.13745  
      	     	          	           	          	           	             	                                      	 0.09711   0.85114   0.17354  -1.12179  
  #77	16   	-4695.63144	Yes        	4        	0.652    	0.213    	 0.21647   0.22741   0.33223   0.22388	-1.02672   0.12446   0.79920   0.10305  
      	     	          	           	          	           	             	                                      	 0.11847  -1.12233   0.20197   0.80189  
      	     	          	           	          	           	             	                                      	 0.52072   0.13825  -0.80783   0.14886  
      	     	          	           	          	           	             	                                      	 0.09964   0.81454   0.22090  -1.13508  
  #78	16   	-4536.94755	Yes        	4        	0.616    	0.267    	 0.21048   0.22972   0.34356   0.21624	-1.17945   0.22997   0.78343   0.16605  
      	     	          	           	          	           	             	                                      	 0.21070  -1.05799   0.18764   0.65964  
      	     	          	           	          	           	             	                                      	 0.47997   0.12547  -0.77167   0.16624  
      	     	          	           	          	           	             	                                      	 0.16162   0.70076   0.26410  -1.12648  
  #79	16   	-4836.54109	Yes        	4        	0.649    	0.220    	 0.21720   0.22821   0.35040   0.20419	-1.19493   0.23192   0.85527   0.10774  
      	     	          	           	          	           	             	                                      	 0.22073  -1.10371   0.16452   0.71845  
      	     	          	           	          	           	             	                                      	 0.53014   0.10715  -0.74849   0.11119  
      	     	          	           	          	           	             	                                      	 0.11460   0.80295   0.19081  -1.10837  
  #80	16   	-4619.15586	Yes        	4        	0.554    	0.262    	 0.22471   0.25796   0.31611   0.20122	-1.02004   0.22343   0.67482   0.12179  
      	     	          	           	          	           	             	                                      	 0.19463  -1.03887   0.15461   0.68963  
      	     	          	           	          	           	             	                                      	 0.47970   0.12617  -0.77356   0.16769  
      	     	          	           	          	           	             	                                      	 0.13600   0.88408   0.26343  -1.28351  
  #81	16   	-4608.58445	Yes        	4        	0.615    	0.201    	 0.21965   0.24113   0.32970   0.20952	-1.07869   0.17550   0.82994   0.07325  
      	     	          	           	          	           	             	                                      	 0.15986  -1.05860   0.20273   0.69601  
      	     	          	           	          	           	             	                                      	 0.55290   0.14826  -0.84177   0.14061  
      	     	          	           	          	           	             	                                      	 0.07679   0.80100   0.22126  -1.09905  
  #82	16   	-4471.46480	Yes        	4        	0.668    	0.240    	 0.22953   0.22683   0.33212   0.21152	-1.02380   0.11517   0.78325   0.12537  
      	     	          	           	          	           	             	                                      	 0.11654  -1.08478   0.22466   0.74358  
      	     	          	           	          	           	             	                                      	 0.54132   0.15344  -0.83141   0.13665  
      	     	          	           	          	           	             	                                      	 0.13605   0.79737   0.21456  -1.14797  
  #83	16   	-4640.58340	Yes        	4        	0.601    	0.216    	 0.22605   0.22728   0.34257   0.20410	-1.05144   0.19971   0.76251   0.08922  
      	     	          	           	          	           	             	                                      	 0.19862  -1.15253   0.21271   0.74120  
      	     	          	           	          	           	             	                                      	 0.50314   0.14112  -0.77713   0.13287  
      	     	          	           	          	           	             	                                      	 0.09882   0.82541   0.22302  -1.14724  
  #84	16   	-4761.35143	Yes        	4        	0.618    	0.179    	 0.26405   0.22038   0.32074   0.19483	-0.98376   0.13617   0.74173   0.10586  
      	     	          	           	          	           	             	                                      	 0.16315  -1.06744   0.17275   0.73154  
      	     	          	           	          	           	             	                                      	 0.61065   0.11870  -0.85702   0.12767  
      	     	          	           	          	           	             	                                      	 0.14348   0.82745   0.21018  -1.18111  
  #85	16   	-4711.44229	Yes        	4        	0.748    	0.198    	 0.25150   0.24079   0.31389   0.19382	-0.92225   0.20744   0.62343   0.09139  
      	     	          	           	          	           	             	                                      	 0.21666  -1.14743   0.17709   0.75367  
      	     	          	           	          	           	             	                                      	 0.49952   0.13585  -0.77534   0.13997  
      	     	          	           	          	           	             	                                      	 0.11858   0.93631   0.22668  -1.28158  
  #86	16   	-4388.83463	Yes        	4        	0.549    	0.210    	 0.25025   0.23713   0.32982   0.18280	-1.04176   0.15997   0.77820   0.10359  
      	     	          	           	          	           	             	                                      	 0.16882  -0.96980   0.13785   0.66312  
      	     	          	           	          	           	             	                                      	 0.59046   0.09911  -0.83925   0.14968  
      	     	          	           	          	           	             	                                      	 0.14181   0.86017   0.27006  -1.27205  
  #87	16   	-4607.48151	Yes        	4        	0.639    	0.179    	 0.24191   0.22866   0.33579   0.19364	-0.94642   0.13359   0.71089   0.10193  
      	     	          	           	          	           	             	                                      	 0.14133  -1.13076   0.18730   0.80213  
      	     	          	           	          	           	             	                                      	 0.51214   0.12754  -0.77313   0.13344  
      	     	          	           	          	           	             	                                      	 0.12734   0.94720   0.23140  -1.30593  
  #88	16   	-4703.17175	Yes        	4        	0.583    	0.192    	 0.23358   0.25406   0.31909   0.19327	-1.00956   0.23694   0.64555   0.12707  
      	     	          	           	          	           	             	                                      	 0.21784  -1.08044   0.16252   0.70008  
      	     	          	           	          	           	             	                                      	 0.47256   0.12940  -0.74309   0.14113  
      	     	          	           	          	           	             	                                      	 0.15357   0.92029   0.23301  -1.30688  
  #89	16   	-4639.65425	Yes        	4        	0.640    	0.198    	 0.21963   0.25877   0.32711   0.19449	-1.08032   0.20439   0.75640   0.11953  
      	     	          	           	          	           	             	                                      	 0.17347  -1.02985   0.13119   0.72519  
      	     	          	           	          	           	             	                                      	 0.50785   0.10378  -0.73736   0.12573  
      	     	          	           	          	           	             	                                      	 0.13498   0.96487   0.21147  -1.31132  
  #90	16   	-4640.93152	Yes        	4        	0.658    	0.183    	 0.23561   0.22219   0.33955   0.20265	-1.02361   0.10704   0.77326   0.14331  
      	     	          	           	          	           	             	                                      	 0.11350  -1.07559   0.20427   0.75782  
      	     	          	           	          	           	             	                                      	 0.53655   0.13367  -0.80293   0.13271  
      	     	          	           	          	           	             	                                      	 0.16662   0.83090   0.22237  -1.21988  
  #91	16   	-4619.17830	Yes        	4        	0.609    	0.161    	 0.22694   0.22971   0.34836   0.19499	-1.10947   0.17289   0.82595   0.11062  
      	     	          	           	          	           	             	                                      	 0.17081  -1.07026   0.18834   0.71111  
      	     	          	           	          	           	             	                                      	 0.53808   0.12419  -0.78169   0.11942  
      	     	          	           	          	           	             	                                      	 0.12875   0.83774   0.21336  -1.17985  
  #92	16   	-4658.74538	Yes        	4        	0.673    	0.219    	 0.24854   0.22176   0.32547   0.20423	-0.90515   0.17357   0.67445   0.05713  
      	     	          	           	          	           	             	                                      	 0.19453  -1.21626   0.17098   0.85075  
      	     	          	           	          	           	             	                                      	 0.51505   0.11650  -0.78041   0.14886  
      	     	          	           	          	           	             	                                      	 0.06953   0.92381   0.23723  -1.23056  
  #93	16   	-4706.83048	Yes        	4        	0.584    	0.209    	 0.22990   0.24191   0.32908   0.19912	-0.95794   0.13681   0.75070   0.07043  
      	     	          	           	          	           	             	                                      	 0.13002  -1.11360   0.19222   0.79136  
      	     	          	           	          	           	             	                                      	 0.52446   0.14130  -0.79289   0.12713  
      	     	          	           	          	           	             	                                      	 0.08132   0.96142   0.21010  -1.25284  
  #94	16   	-4406.47345	Yes        	4        	0.583    	0.186    	 0.22799   0.22422   0.30968   0.23811	-1.06017   0.18724   0.75917   0.11376  
      	     	          	           	          	           	             	                                      	 0.19039  -1.17290   0.20543   0.77708  
      	     	          	           	          	           	             	                                      	 0.55892   0.14875  -0.83034   0.12268  
      	     	          	           	          	           	             	                                      	 0.10892   0.73175   0.15955  -1.00022  
  #95	16   	-4525.82198	Yes        	4        	0.701    	0.325    	 0.26099   0.23915   0.30508   0.19477	-0.90161   0.13289   0.65506   0.11366  
      	     	          	           	          	           	             	                                      	 0.14502  -1.08684   0.18909   0.75274  
      	     	          	           	          	           	             	                                      	 0.56040   0.14823  -0.83792   0.12930  
      	     	          	           	          	           	             	                                      	 0.15230   0.92426   0.20252  -1.27908  
  #96	16   	-4375.45765	Yes        	4        	0.637    	0.195    	 0.21300   0.22636   0.33494   0.22571	-1.14380   0.16476   0.83375   0.14529  
      	     	          	           	          	           	             	                                      	 0.15503  -1.10534   0.17246   0.77785  
      	     	          	           	          	           	             	                                      	 0.53020   0.11655  -0.76996   0.12321  
      	     	          	           	          	           	             	                                      	 0.13711   0.78008   0.18284  -1.10003  
  #97	16   	-4391.58681	Yes        	4        	0.502    	0.225    	 0.23899   0.25594   0.32115   0.18391	-0.88785   0.19575   0.60749   0.08461  
      	     	          	           	          	           	             	                                      	 0.18279  -1.13278   0.22556   0.72443  
      	     	          	           	          	           	             	                                      	 0.45208   0.17976  -0.77092   0.13907  
      	     	          	           	          	           	             	                                      	 0.10995   1.00818   0.24286  -1.36099  
  #98	16   	-4547.91223	Yes        	4        	0.595    	0.209    	 0.25252   0.23992   0.31915   0.18842	-1.06191   0.21980   0.72824   0.11387  
      	     	          	           	          	           	             	                                      	 0.23134  -1.03464   0.16517   0.63813  
      	     	          	           	          	           	             	                                      	 0.57620   0.12417  -0.82295   0.12259  
      	     	          	           	          	           	             	                                      	 0.15261   0.81257   0.20764  -1.17282  
  #99	16   	-4656.62158	Yes        	4        	0.637    	0.198    	 0.25552   0.23339   0.30025   0.21084	-0.93295   0.23237   0.59766   0.10291  
      	     	          	           	          	           	             	                                      	 0.25441  -1.16648   0.20439   0.70768  
      	     	          	           	          	           	             	                                      	 0.50862   0.15887  -0.82985   0.16236  
      	     	          	           	          	           	             	                                      	 0.12472   0.78335   0.23122  -1.13928  
  #100	16   	-4638.76372	Yes        	4        	0.688    	0.300    	 0.21116   0.25188   0.32298   0.21398	-1.00527   0.13839   0.77522   0.09166  
      	     	          	           	          	           	             	                                      	 0.11601  -1.09225   0.20116   0.77508  
      	     	          	           	          	           	             	                                      	 0.50683   0.15688  -0.79323   0.12952  
      	     	          	           	          	           	             	                                      	 0.09045   0.91236   0.19549  -1.19830  
