

TREE # 1
   1   2161.76403 x   0.07568  0.05012  0.09664  0.35316  0.58220  0.08677  0.55547  0.49909  0.05288  0.22333  0.29251  3.17492  0.23810
   2   2153.45044 x   0.07611  0.05135  0.10224  0.37892  0.66243  0.10389  0.58694  0.56045  0.05688  0.23853  0.31261  4.02330  0.16672
   3   2153.11011 x   0.07569  0.05171  0.09853  0.38980  0.69313  0.10128  0.59408  0.58520  0.05745  0.24057  0.31958  4.18982  0.15662
   4   2153.08004 x   0.07549  0.05192  0.09655  0.39346  0.70175  0.09954  0.59549  0.59234  0.05789  0.24066  0.32167  4.24048  0.15354
   5   2153.07835 x   0.07549  0.05194  0.09661  0.39397  0.70333  0.09976  0.59606  0.59362  0.05798  0.24092  0.32210  4.25540  0.15281
   6   2153.07824 x   0.07549  0.05195  0.09665  0.39408  0.70374  0.09986  0.59621  0.59393  0.05800  0.24100  0.32221  4.25914  0.15262
   7   2153.07823 x   0.07549  0.05195  0.09664  0.39412  0.70384  0.09984  0.59625  0.59403  0.05801  0.24101  0.32224  4.26015  0.15257
   8   2153.07823 x   0.07549  0.05195  0.09664  0.39414  0.70387  0.09984  0.59626  0.59405  0.05801  0.24101  0.32224  4.26037  0.15256
   9   2153.07823 x   0.07549  0.05195  0.09663  0.39414  0.70387  0.09983  0.59626  0.59406  0.05801  0.24101  0.32225  4.26042  0.15256
