

TREE # 1
   1   6164.71833 x   0.20740  0.12583  0.14119  0.10347  0.58586  0.16352  0.15726  0.02263  0.03898  0.03422  0.13409  0.00118  0.02615  0.16003  0.09830  0.29220  0.21081  0.02968  0.12980  0.08145  0.20569  0.27857  0.04290  0.03230  0.08719  0.12151  0.12376  2.04163  0.12254
   2   6153.53469 x   0.20990  0.12923  0.14236  0.10428  0.61266  0.16738  0.15960  0.02239  0.03956  0.03390  0.13199  0.00301  0.02487  0.16096  0.09722  0.29790  0.21355  0.02883  0.12836  0.08611  0.20516  0.28529  0.04362  0.03183  0.08483  0.12193  0.12501  2.81032  0.12244
   3   6152.54801 x   0.20837  0.12934  0.14219  0.10433  0.61409  0.16773  0.15977  0.02231  0.03955  0.03396  0.12971  0.00653  0.02428  0.16077  0.09692  0.29816  0.21353  0.02857  0.12790  0.08622  0.20496  0.28560  0.04379  0.03179  0.08190  0.12190  0.12502  2.78667  0.12204
   4   6151.53168 x   0.20795  0.12971  0.14223  0.10427  0.61213  0.16820  0.15966  0.02216  0.03897  0.03454  0.12415  0.02059  0.02275  0.15960  0.09758  0.29856  0.21339  0.02829  0.12689  0.08732  0.20453  0.28576  0.04379  0.03180  0.07518  0.12186  0.12491  2.78772  0.12206
   5   6151.52832 x   0.20785  0.12976  0.14225  0.10424  0.61219  0.16932  0.15961  0.02218  0.03883  0.03465  0.12307  0.02131  0.02271  0.15951  0.09764  0.29857  0.21336  0.02831  0.12685  0.08735  0.20451  0.28574  0.04379  0.03180  0.07492  0.12185  0.12491  2.78712  0.12211
   6   6151.52814 x   0.20786  0.12974  0.14226  0.10424  0.61228  0.16974  0.15958  0.02219  0.03880  0.03467  0.12278  0.02139  0.02272  0.15949  0.09765  0.29858  0.21336  0.02832  0.12685  0.08735  0.20451  0.28574  0.04379  0.03180  0.07489  0.12185  0.12491  2.78720  0.12211
   7   6151.52813 x   0.20788  0.12973  0.14226  0.10424  0.61232  0.16986  0.15958  0.02219  0.03879  0.03467  0.12272  0.02140  0.02272  0.15949  0.09766  0.29858  0.21336  0.02832  0.12686  0.08735  0.20451  0.28574  0.04379  0.03180  0.07488  0.12185  0.12491  2.78726  0.12210
   8   6151.52813 x   0.20789  0.12972  0.14226  0.10424  0.61233  0.16989  0.15957  0.02220  0.03879  0.03467  0.12270  0.02140  0.02272  0.15949  0.09766  0.29858  0.21336  0.02832  0.12686  0.08735  0.20451  0.28574  0.04379  0.03180  0.07488  0.12185  0.12491  2.78729  0.12210
   9   6151.52813 x   0.20789  0.12972  0.14226  0.10424  0.61233  0.16989  0.15957  0.02220  0.03879  0.03467  0.12270  0.02140  0.02272  0.15949  0.09766  0.29858  0.21336  0.02832  0.12686  0.08735  0.20451  0.28574  0.04379  0.03180  0.07488  0.12185  0.12491  2.78729  0.12210
