. Sequence file : [PNMAseqsToAlign3.fa.nonRedundant.group_PNMA_PNMA8A_aln2_NT.fa.phyml]

. Model of nucleotides substitution : GTR

. Initial tree : [BioNJ]


. Data	Nb of 	Likelihood	Discrete   	Number of 	Gamma shape	Proportion of	Nucleotides frequencies               	Instantaneous rate matrix              	
  set	taxa	loglk     	gamma model	categories	parameter  	invariant    	f(A)      f(C)      f(G)      f(T)    	[A---------C---------G---------T------]	

  #1	15   	-10447.83145	Yes        	4        	1.137    	0.019    	 0.25128   0.24388   0.32393   0.18092	-1.01204   0.17496   0.75262   0.08447  
      	     	          	           	          	           	             	                                      	 0.18026  -1.01058   0.26276   0.56756  
      	     	          	           	          	           	             	                                      	 0.58381   0.19782  -0.91501   0.13338  
      	     	          	           	          	           	             	                                      	 0.11731   0.76506   0.23881  -1.12119  
  #2	15   	-10347.98655	Yes        	4        	1.206    	0.060    	 0.25632   0.26915   0.29607   0.17846	-1.03161   0.22852   0.72176   0.08134  
      	     	          	           	          	           	             	                                      	 0.21763  -0.98148   0.23812   0.52574  
      	     	          	           	          	           	             	                                      	 0.62488   0.21647  -0.94261   0.10126  
      	     	          	           	          	           	             	                                      	 0.11683   0.79292   0.16799  -1.07774  
  #3	15   	-10374.84122	Yes        	4        	1.021    	0.000    	 0.24556   0.24627   0.32201   0.18616	-1.05071   0.21597   0.75027   0.08447  
      	     	          	           	          	           	             	                                      	 0.21535  -1.04489   0.26901   0.56053  
      	     	          	           	          	           	             	                                      	 0.57214   0.20573  -0.89495   0.11708  
      	     	          	           	          	           	             	                                      	 0.11142   0.74150   0.20252  -1.05544  
  #4	15   	-10320.72753	Yes        	4        	1.181    	0.000    	 0.25738   0.25855   0.30934   0.17473	-0.95662   0.20369   0.69016   0.06277  
      	     	          	           	          	           	             	                                      	 0.20277  -1.01975   0.23048   0.58651  
      	     	          	           	          	           	             	                                      	 0.57423   0.19263  -0.90444   0.13758  
      	     	          	           	          	           	             	                                      	 0.09246   0.86783   0.24356  -1.20385  
  #5	15   	-10555.34665	Yes        	4        	1.195    	0.080    	 0.24976   0.24986   0.31316   0.18722	-1.01586   0.23339   0.71363   0.06884  
      	     	          	           	          	           	             	                                      	 0.23330  -1.05085   0.21827   0.59929  
      	     	          	           	          	           	             	                                      	 0.56916   0.17415  -0.87743   0.13412  
      	     	          	           	          	           	             	                                      	 0.09184   0.79981   0.22435  -1.11599  
  #6	15   	-10230.39006	Yes        	4        	1.420    	0.112    	 0.25338   0.24387   0.33111   0.17164	-1.03224   0.22408   0.73345   0.07471  
      	     	          	           	          	           	             	                                      	 0.23282  -1.03102   0.24457   0.55364  
      	     	          	           	          	           	             	                                      	 0.56128   0.18013  -0.87367   0.13226  
      	     	          	           	          	           	             	                                      	 0.11029   0.78660   0.25513  -1.15202  
  #7	15   	-10331.37207	Yes        	4        	1.373    	0.042    	 0.25979   0.25747   0.31703   0.16571	-1.01868   0.19848   0.76384   0.05636  
      	     	          	           	          	           	             	                                      	 0.20027  -0.95320   0.21663   0.53630  
      	     	          	           	          	           	             	                                      	 0.62593   0.17593  -0.93276   0.13090  
      	     	          	           	          	           	             	                                      	 0.08836   0.83326   0.25044  -1.17206  
  #8	15   	-10336.73074	Yes        	4        	1.415    	0.062    	 0.26355   0.24516   0.33001   0.16127	-0.99961   0.22776   0.70667   0.06518  
      	     	          	           	          	           	             	                                      	 0.24485  -1.02429   0.24425   0.53519  
      	     	          	           	          	           	             	                                      	 0.56435   0.18145  -0.88356   0.13776  
      	     	          	           	          	           	             	                                      	 0.10652   0.81357   0.28190  -1.20199  
  #9	15   	-10446.94500	Yes        	4        	1.405    	0.071    	 0.24349   0.27104   0.30847   0.17700	-0.99059   0.20246   0.72500   0.06312  
      	     	          	           	          	           	             	                                      	 0.18188  -0.97554   0.22465   0.56901  
      	     	          	           	          	           	             	                                      	 0.57229   0.19739  -0.91130   0.14162  
      	     	          	           	          	           	             	                                      	 0.08684   0.87134   0.24681  -1.20499  
  #10	15   	-10142.87168	Yes        	4        	1.070    	0.004    	 0.26835   0.23922   0.33493   0.15750	-1.01658   0.21839   0.73603   0.06216  
      	     	          	           	          	           	             	                                      	 0.24498  -1.04027   0.25585   0.53944  
      	     	          	           	          	           	             	                                      	 0.58970   0.18273  -0.88278   0.11034  
      	     	          	           	          	           	             	                                      	 0.10590   0.81931   0.23465  -1.15986  
  #11	15   	-10631.59026	Yes        	4        	1.757    	0.150    	 0.24292   0.25568   0.32973   0.17167	-1.06473   0.20468   0.76739   0.09265  
      	     	          	           	          	           	             	                                      	 0.19447  -0.98775   0.21356   0.57972  
      	     	          	           	          	           	             	                                      	 0.56536   0.16559  -0.84781   0.11685  
      	     	          	           	          	           	             	                                      	 0.13112   0.86341   0.22444  -1.21897  
  #12	15   	-10534.44904	Yes        	4        	1.169    	0.028    	 0.25095   0.24659   0.30983   0.19263	-1.03492   0.21465   0.73807   0.08220  
      	     	          	           	          	           	             	                                      	 0.21845  -1.05618   0.27729   0.56044  
      	     	          	           	          	           	             	                                      	 0.59782   0.22069  -0.92732   0.10880  
      	     	          	           	          	           	             	                                      	 0.10709   0.71741   0.17500  -0.99950  
  #13	15   	-10165.79890	Yes        	4        	1.164    	0.037    	 0.25799   0.25521   0.30915   0.17764	-0.95412   0.18800   0.69345   0.07267  
      	     	          	           	          	           	             	                                      	 0.19005  -1.00090   0.23312   0.57774  
      	     	          	           	          	           	             	                                      	 0.57869   0.19244  -0.92285   0.15172  
      	     	          	           	          	           	             	                                      	 0.10554   0.83002   0.26404  -1.19959  
  #14	15   	-10755.03434	Yes        	4        	1.338    	0.074    	 0.25748   0.25544   0.31114   0.17594	-0.96663   0.19797   0.69085   0.07781  
      	     	          	           	          	           	             	                                      	 0.19956  -1.03620   0.26293   0.57371  
      	     	          	           	          	           	             	                                      	 0.57170   0.21586  -0.90777   0.12021  
      	     	          	           	          	           	             	                                      	 0.11388   0.83292   0.21258  -1.15938  
  #15	15   	-10250.66317	Yes        	4        	1.462    	0.077    	 0.25526   0.25955   0.31383   0.17136	-1.01189   0.18440   0.74226   0.08522  
      	     	          	           	          	           	             	                                      	 0.18135  -0.97544   0.25065   0.54344  
      	     	          	           	          	           	             	                                      	 0.60374   0.20730  -0.92448   0.11344  
      	     	          	           	          	           	             	                                      	 0.12695   0.82310   0.20775  -1.15780  
  #16	15   	-10211.36725	Yes        	4        	1.042    	0.049    	 0.24795   0.26506   0.31987   0.16712	-1.10059   0.22283   0.79907   0.07869  
      	     	          	           	          	           	             	                                      	 0.20844  -0.92606   0.21029   0.50733  
      	     	          	           	          	           	             	                                      	 0.61941   0.17426  -0.90901   0.11534  
      	     	          	           	          	           	             	                                      	 0.11675   0.80467   0.22078  -1.14220  
  #17	15   	-10002.39710	Yes        	4        	0.880    	0.000    	 0.23599   0.26805   0.31668   0.17928	-1.09489   0.21454   0.79353   0.08682  
      	     	          	           	          	           	             	                                      	 0.18888  -0.96171   0.24621   0.52662  
      	     	          	           	          	           	             	                                      	 0.59133   0.20840  -0.90856   0.10882  
      	     	          	           	          	           	             	                                      	 0.11429   0.78737   0.19222  -1.09387  
  #18	15   	-10204.10316	Yes        	4        	1.289    	0.064    	 0.25383   0.26301   0.33328   0.14988	-1.04438   0.23877   0.73990   0.06571  
      	     	          	           	          	           	             	                                      	 0.23044  -0.97108   0.23293   0.50771  
      	     	          	           	          	           	             	                                      	 0.56351   0.18381  -0.86768   0.12035  
      	     	          	           	          	           	             	                                      	 0.11128   0.89092   0.26762  -1.26982  
  #19	15   	-10302.60061	Yes        	4        	1.118    	0.031    	 0.26915   0.23894   0.31705   0.17486	-0.96471   0.16428   0.73360   0.06683  
      	     	          	           	          	           	             	                                      	 0.18505  -1.02614   0.25644   0.58465  
      	     	          	           	          	           	             	                                      	 0.62277   0.19326  -0.94023   0.12420  
      	     	          	           	          	           	             	                                      	 0.10287   0.79891   0.22520  -1.12698  
  #20	15   	-10558.03753	Yes        	4        	1.423    	0.057    	 0.25228   0.25161   0.31745   0.17866	-1.04589   0.20427   0.76905   0.07257  
      	     	          	           	          	           	             	                                      	 0.20481  -0.98263   0.22535   0.55247  
      	     	          	           	          	           	             	                                      	 0.61117   0.17861  -0.91715   0.12737  
      	     	          	           	          	           	             	                                      	 0.10248   0.77808   0.22632  -1.10688  
  #21	15   	-10489.53600	Yes        	4        	1.088    	0.000    	 0.26094   0.25606   0.31936   0.16365	-0.98830   0.22234   0.66175   0.10421  
      	     	          	           	          	           	             	                                      	 0.22657  -1.02732   0.23557   0.56518  
      	     	          	           	          	           	             	                                      	 0.54070   0.18888  -0.84568   0.11610  
      	     	          	           	          	           	             	                                      	 0.16616   0.88432   0.22657  -1.27705  
  #22	15   	-10335.10842	Yes        	4        	1.186    	0.038    	 0.25913   0.24839   0.33153   0.16094	-1.00049   0.22178   0.70169   0.07701  
      	     	          	           	          	           	             	                                      	 0.23137  -1.04187   0.23167   0.57882  
      	     	          	           	          	           	             	                                      	 0.54846   0.17357  -0.84093   0.11890  
      	     	          	           	          	           	             	                                      	 0.12400   0.89334   0.24493  -1.26227  
  #23	15   	-10379.71827	Yes        	4        	1.304    	0.076    	 0.27113   0.25041   0.29495   0.18351	-0.95352   0.17858   0.70673   0.06822  
      	     	          	           	          	           	             	                                      	 0.19335  -1.02215   0.23525   0.59355  
      	     	          	           	          	           	             	                                      	 0.64965   0.19972  -0.96443   0.11506  
      	     	          	           	          	           	             	                                      	 0.10079   0.80991   0.18493  -1.09562  
  #24	15   	-10461.93723	Yes        	4        	1.083    	0.000    	 0.27132   0.23821   0.31900   0.17147	-0.98605   0.21471   0.68644   0.08490  
      	     	          	           	          	           	             	                                      	 0.24456  -1.08784   0.27151   0.57177  
      	     	          	           	          	           	             	                                      	 0.58385   0.20275  -0.88560   0.09900  
      	     	          	           	          	           	             	                                      	 0.13434   0.79432   0.18418  -1.11285  
  #25	15   	-10268.76576	Yes        	4        	1.049    	0.000    	 0.24012   0.27760   0.31094   0.17134	-1.08167   0.23695   0.75482   0.08990  
      	     	          	           	          	           	             	                                      	 0.20497  -0.93715   0.24363   0.48855  
      	     	          	           	          	           	             	                                      	 0.58290   0.21750  -0.91944   0.11904  
      	     	          	           	          	           	             	                                      	 0.12600   0.79153   0.21603  -1.13356  
  #26	15   	-10310.17144	Yes        	4        	1.437    	0.066    	 0.26481   0.25565   0.31262   0.16691	-0.95381   0.19119   0.67002   0.09260  
      	     	          	           	          	           	             	                                      	 0.19804  -1.00960   0.23466   0.57689  
      	     	          	           	          	           	             	                                      	 0.56755   0.19190  -0.88721   0.12776  
      	     	          	           	          	           	             	                                      	 0.14691   0.88361   0.23930  -1.26982  
  #27	15   	-10131.28794	Yes        	4        	1.025    	0.010    	 0.26007   0.24625   0.30390   0.18978	-0.93881   0.18573   0.67287   0.08021  
      	     	          	           	          	           	             	                                      	 0.19615  -1.07801   0.24748   0.63438  
      	     	          	           	          	           	             	                                      	 0.57583   0.20054  -0.90366   0.12729  
      	     	          	           	          	           	             	                                      	 0.10992   0.82315   0.20383  -1.13690  
  #28	15   	-9971.94386	Yes        	4        	1.216    	0.088    	 0.24601   0.25152   0.32325   0.17922	-1.06115   0.23542   0.74853   0.07720  
      	     	          	           	          	           	             	                                      	 0.23026  -1.03331   0.25910   0.54395  
      	     	          	           	          	           	             	                                      	 0.56967   0.20161  -0.88563   0.11435  
      	     	          	           	          	           	             	                                      	 0.10597   0.76338   0.20625  -1.07560  
  #29	15   	-10126.26878	Yes        	4        	1.381    	0.057    	 0.24704   0.24637   0.33676   0.16982	-0.99990   0.19526   0.71759   0.08705  
      	     	          	           	          	           	             	                                      	 0.19579  -1.03079   0.26738   0.56762  
      	     	          	           	          	           	             	                                      	 0.52641   0.19561  -0.86236   0.14034  
      	     	          	           	          	           	             	                                      	 0.12663   0.82348   0.27830  -1.22842  
  #30	15   	-10355.27937	Yes        	4        	0.958    	0.000    	 0.26720   0.26690   0.31336   0.15254	-0.93392   0.19429   0.66061   0.07902  
      	     	          	           	          	           	             	                                      	 0.19451  -0.96600   0.22767   0.54382  
      	     	          	           	          	           	             	                                      	 0.56330   0.19391  -0.89937   0.14216  
      	     	          	           	          	           	             	                                      	 0.13842   0.95150   0.29203  -1.38195  
  #31	15   	-10355.41775	Yes        	4        	1.181    	0.071    	 0.27245   0.24644   0.31255   0.16856	-0.96934   0.21754   0.68646   0.06534  
      	     	          	           	          	           	             	                                      	 0.24050  -1.03284   0.24603   0.54631  
      	     	          	           	          	           	             	                                      	 0.59839   0.19399  -0.92241   0.13002  
      	     	          	           	          	           	             	                                      	 0.10562   0.79872   0.24109  -1.14543  
  #32	15   	-10337.67441	Yes        	4        	0.998    	0.000    	 0.26189   0.23170   0.33790   0.16851	-0.98988   0.22824   0.69544   0.06619  
      	     	          	           	          	           	             	                                      	 0.25798  -1.15186   0.27051   0.62337  
      	     	          	           	          	           	             	                                      	 0.53901   0.18549  -0.82409   0.09959  
      	     	          	           	          	           	             	                                      	 0.10287   0.85711   0.19969  -1.15966  
  #33	15   	-10569.42220	Yes        	4        	1.074    	0.000    	 0.26299   0.26027   0.30064   0.17610	-0.99975   0.20375   0.70629   0.08972  
      	     	          	           	          	           	             	                                      	 0.20588  -0.96734   0.23435   0.52712  
      	     	          	           	          	           	             	                                      	 0.61785   0.20288  -0.95007   0.12934  
      	     	          	           	          	           	             	                                      	 0.13399   0.77907   0.22081  -1.13387  
  #34	15   	-10533.28564	Yes        	4        	1.363    	0.065    	 0.24592   0.25924   0.31161   0.18323	-1.01627   0.21322   0.71263   0.09042  
      	     	          	           	          	           	             	                                      	 0.20226  -1.03118   0.23691   0.59201  
      	     	          	           	          	           	             	                                      	 0.56241   0.19709  -0.87244   0.11293  
      	     	          	           	          	           	             	                                      	 0.12135   0.83758   0.19205  -1.15099  
  #35	15   	-10371.55903	Yes        	4        	1.115    	0.036    	 0.25917   0.24053   0.33469   0.16561	-1.03884   0.20322   0.75400   0.08162  
      	     	          	           	          	           	             	                                      	 0.21897  -1.01439   0.24084   0.55459  
      	     	          	           	          	           	             	                                      	 0.58386   0.17308  -0.87479   0.11785  
      	     	          	           	          	           	             	                                      	 0.12773   0.80547   0.23817  -1.17137  
  #36	15   	-9865.06014	Yes        	4        	1.786    	0.136    	 0.25224   0.23047   0.32833   0.18897	-0.99963   0.18692   0.74923   0.06348  
      	     	          	           	          	           	             	                                      	 0.20458  -1.05769   0.24259   0.61053  
      	     	          	           	          	           	             	                                      	 0.57560   0.17028  -0.90195   0.15607  
      	     	          	           	          	           	             	                                      	 0.08474   0.74459   0.27116  -1.10049  
  #37	15   	-10407.72658	Yes        	4        	1.692    	0.131    	 0.24869   0.26572   0.33055   0.15504	-1.08686   0.24472   0.76965   0.07249  
      	     	          	           	          	           	             	                                      	 0.22904  -0.95592   0.24010   0.48678  
      	     	          	           	          	           	             	                                      	 0.57906   0.19301  -0.88268   0.11060  
      	     	          	           	          	           	             	                                      	 0.11627   0.83428   0.23580  -1.18635  
  #38	15   	-10169.68460	Yes        	4        	1.444    	0.115    	 0.26518   0.26765   0.30366   0.16351	-0.91010   0.17271   0.66203   0.07536  
      	     	          	           	          	           	             	                                      	 0.17111  -0.97318   0.26138   0.54068  
      	     	          	           	          	           	             	                                      	 0.57814   0.23039  -0.95339   0.14486  
      	     	          	           	          	           	             	                                      	 0.12222   0.88504   0.26901  -1.27627  
  #39	15   	-10587.65692	Yes        	4        	1.141    	0.035    	 0.26484   0.25116   0.31543   0.16856	-0.94463   0.18688   0.69240   0.06535  
      	     	          	           	          	           	             	                                      	 0.19706  -1.00259   0.25238   0.55315  
      	     	          	           	          	           	             	                                      	 0.58134   0.20096  -0.93290   0.15060  
      	     	          	           	          	           	             	                                      	 0.10267   0.82422   0.28181  -1.20871  
  #40	15   	-10683.85856	Yes        	4        	1.196    	0.034    	 0.24721   0.27323   0.31502   0.16454	-1.05403   0.20603   0.76170   0.08631  
      	     	          	           	          	           	             	                                      	 0.18641  -0.92973   0.25946   0.48386  
      	     	          	           	          	           	             	                                      	 0.59773   0.22504  -0.93811   0.11533  
      	     	          	           	          	           	             	                                      	 0.12967   0.80351   0.22082  -1.15400  
  #41	15   	-10665.44604	Yes        	4        	1.674    	0.084    	 0.25181   0.26232   0.32043   0.16544	-1.02481   0.19855   0.75984   0.06642  
      	     	          	           	          	           	             	                                      	 0.19060  -0.93926   0.23229   0.51637  
      	     	          	           	          	           	             	                                      	 0.59714   0.19017  -0.92946   0.14215  
      	     	          	           	          	           	             	                                      	 0.10109   0.81875   0.27532  -1.19516  
  #42	15   	-9840.70667	Yes        	4        	1.418    	0.134    	 0.27209   0.24908   0.31025   0.16857	-0.92742   0.17728   0.66608   0.08406  
      	     	          	           	          	           	             	                                      	 0.19366  -1.01399   0.23596   0.58437  
      	     	          	           	          	           	             	                                      	 0.58415   0.18943  -0.91323   0.13964  
      	     	          	           	          	           	             	                                      	 0.13569   0.86347   0.25701  -1.25618  
  #43	15   	-10148.19862	Yes        	4        	1.254    	0.019    	 0.25699   0.25653   0.32419   0.16230	-0.96678   0.20336   0.67738   0.08604  
      	     	          	           	          	           	             	                                      	 0.20372  -1.00248   0.24725   0.55151  
      	     	          	           	          	           	             	                                      	 0.53697   0.19565  -0.87650   0.14388  
      	     	          	           	          	           	             	                                      	 0.13624   0.87172   0.28741  -1.29537  
  #44	15   	-10326.98671	Yes        	4        	1.138    	0.053    	 0.24242   0.26852   0.32359   0.16547	-1.03851   0.19392   0.73415   0.11044  
      	     	          	           	          	           	             	                                      	 0.17507  -0.97305   0.22676   0.57121  
      	     	          	           	          	           	             	                                      	 0.55000   0.18817  -0.84316   0.10499  
      	     	          	           	          	           	             	                                      	 0.16180   0.92691   0.20532  -1.29402  
  #45	15   	-10348.65535	Yes        	4        	0.895    	0.000    	 0.26230   0.24122   0.32610   0.17038	-0.99333   0.21352   0.70478   0.07503  
      	     	          	           	          	           	             	                                      	 0.23218  -1.09150   0.27467   0.58465  
      	     	          	           	          	           	             	                                      	 0.56689   0.20318  -0.86871   0.09865  
      	     	          	           	          	           	             	                                      	 0.11551   0.82769   0.18880  -1.13201  
  #46	15   	-10182.02971	Yes        	4        	1.145    	0.054    	 0.26583   0.26110   0.31767   0.15540	-0.93945   0.18333   0.68306   0.07306  
      	     	          	           	          	           	             	                                      	 0.18665  -0.99257   0.27217   0.53374  
      	     	          	           	          	           	             	                                      	 0.57160   0.22371  -0.92072   0.12541  
      	     	          	           	          	           	             	                                      	 0.12498   0.89679   0.25636  -1.27814  
  #47	15   	-10286.03711	Yes        	4        	1.125    	0.045    	 0.25365   0.27787   0.31049   0.15799	-0.99509   0.18950   0.72077   0.08482  
      	     	          	           	          	           	             	                                      	 0.17299  -0.92650   0.22399   0.52952  
      	     	          	           	          	           	             	                                      	 0.58883   0.20046  -0.91237   0.12308  
      	     	          	           	          	           	             	                                      	 0.13618   0.93131   0.24189  -1.30937  
  #48	15   	-10517.59828	Yes        	4        	1.677    	0.139    	 0.26642   0.23434   0.33068   0.16856	-1.00271   0.18248   0.72369   0.09654  
      	     	          	           	          	           	             	                                      	 0.20746  -1.02778   0.26185   0.55847  
      	     	          	           	          	           	             	                                      	 0.58306   0.18557  -0.89147   0.12285  
      	     	          	           	          	           	             	                                      	 0.15259   0.77641   0.24100  -1.17000  
  #49	15   	-10489.95433	Yes        	4        	1.071    	0.000    	 0.26922   0.23859   0.33084   0.16135	-0.94946   0.19567   0.68922   0.06457  
      	     	          	           	          	           	             	                                      	 0.22079  -1.06561   0.29437   0.55044  
      	     	          	           	          	           	             	                                      	 0.56086   0.21229  -0.90258   0.12943  
      	     	          	           	          	           	             	                                      	 0.10774   0.81394   0.26539  -1.18707  
  #50	15   	-10220.46929	Yes        	4        	1.053    	0.000    	 0.25613   0.26181   0.31468   0.16737	-0.99796   0.19963   0.71927   0.07906  
      	     	          	           	          	           	             	                                      	 0.19530  -0.99695   0.25810   0.54356  
      	     	          	           	          	           	             	                                      	 0.58543   0.21473  -0.90983   0.10967  
      	     	          	           	          	           	             	                                      	 0.12098   0.85024   0.20619  -1.17742  
  #51	15   	-10508.21020	Yes        	4        	1.348    	0.040    	 0.23019   0.26081   0.32774   0.18126	-1.11699   0.24862   0.78688   0.08149  
      	     	          	           	          	           	             	                                      	 0.21942  -1.00557   0.25183   0.53431  
      	     	          	           	          	           	             	                                      	 0.55266   0.20040  -0.86855   0.11548  
      	     	          	           	          	           	             	                                      	 0.10349   0.76881   0.20880  -1.08111  
  #52	15   	-10625.81472	Yes        	4        	1.192    	0.057    	 0.25414   0.26175   0.31315   0.17095	-1.00149   0.18977   0.75039   0.06133  
      	     	          	           	          	           	             	                                      	 0.18425  -0.98340   0.25564   0.54351  
      	     	          	           	          	           	             	                                      	 0.60899   0.21368  -0.93858   0.11591  
      	     	          	           	          	           	             	                                      	 0.09118   0.83219   0.21233  -1.13570  
  #53	15   	-10455.62956	Yes        	4        	1.318    	0.055    	 0.26666   0.24760   0.31979   0.16594	-0.96143   0.18717   0.69889   0.07537  
      	     	          	           	          	           	             	                                      	 0.20158  -1.01044   0.26378   0.54508  
      	     	          	           	          	           	             	                                      	 0.58278   0.20424  -0.92255   0.13554  
      	     	          	           	          	           	             	                                      	 0.12113   0.81333   0.26120  -1.19565  
  #54	15   	-10389.21327	Yes        	4        	1.357    	0.082    	 0.23981   0.25788   0.33541   0.16690	-1.09103   0.21613   0.78032   0.09458  
      	     	          	           	          	           	             	                                      	 0.20099  -1.00506   0.25594   0.54812  
      	     	          	           	          	           	             	                                      	 0.55792   0.19678  -0.84714   0.09244  
      	     	          	           	          	           	             	                                      	 0.13590   0.84690   0.18577  -1.16857  
  #55	15   	-10495.81219	Yes        	4        	1.146    	0.056    	 0.25773   0.25753   0.31027   0.17448	-0.94594   0.18924   0.68950   0.06720  
      	     	          	           	          	           	             	                                      	 0.18939  -1.05126   0.27167   0.59021  
      	     	          	           	          	           	             	                                      	 0.57274   0.22549  -0.90861   0.11038  
      	     	          	           	          	           	             	                                      	 0.09927   0.87114   0.19629  -1.16670  
  #56	15   	-10347.43534	Yes        	4        	1.547    	0.087    	 0.27065   0.24117   0.31641   0.17176	-0.98521   0.19054   0.71418   0.08050  
      	     	          	           	          	           	             	                                      	 0.21383  -1.01690   0.26125   0.54182  
      	     	          	           	          	           	             	                                      	 0.61089   0.19913  -0.93539   0.12538  
      	     	          	           	          	           	             	                                      	 0.12684   0.76079   0.23097  -1.11859  
  #57	15   	-10103.33075	Yes        	4        	1.311    	0.097    	 0.25438   0.27036   0.31462   0.16064	-0.98200   0.19177   0.69955   0.09067  
      	     	          	           	          	           	             	                                      	 0.18044  -0.97090   0.26399   0.52646  
      	     	          	           	          	           	             	                                      	 0.56561   0.22686  -0.90845   0.11598  
      	     	          	           	          	           	             	                                      	 0.14358   0.88606   0.22716  -1.25680  
  #58	15   	-10118.36498	Yes        	4        	1.519    	0.079    	 0.26490   0.24441   0.32490   0.16579	-0.96503   0.23800   0.63876   0.08827  
      	     	          	           	          	           	             	                                      	 0.25795  -1.10486   0.28360   0.56331  
      	     	          	           	          	           	             	                                      	 0.52079   0.21334  -0.84915   0.11502  
      	     	          	           	          	           	             	                                      	 0.14104   0.83047   0.22541  -1.19692  
  #59	15   	-10398.79835	Yes        	4        	1.176    	0.042    	 0.26228   0.24821   0.33707   0.15244	-1.01630   0.21590   0.72130   0.07910  
      	     	          	           	          	           	             	                                      	 0.22814  -1.00048   0.23619   0.53615  
      	     	          	           	          	           	             	                                      	 0.56125   0.17392  -0.85902   0.12384  
      	     	          	           	          	           	             	                                      	 0.13609   0.87298   0.27384  -1.28290  
  #60	15   	-9998.56803	Yes        	4        	1.046    	0.035    	 0.26365   0.23143   0.33086   0.17406	-0.99852   0.20188   0.72020   0.07645  
      	     	          	           	          	           	             	                                      	 0.22998  -1.05510   0.21481   0.61030  
      	     	          	           	          	           	             	                                      	 0.57391   0.15026  -0.86254   0.13837  
      	     	          	           	          	           	             	                                      	 0.11579   0.81146   0.26301  -1.19027  
  #61	15   	-10296.63020	Yes        	4        	1.109    	0.041    	 0.26405   0.25635   0.30937   0.17023	-0.97662   0.20408   0.68441   0.08813  
      	     	          	           	          	           	             	                                      	 0.21020  -1.00454   0.23964   0.55470  
      	     	          	           	          	           	             	                                      	 0.58416   0.19858  -0.90715   0.12442  
      	     	          	           	          	           	             	                                      	 0.13671   0.83535   0.22611  -1.19816  
  #62	15   	-10084.43766	Yes        	4        	1.480    	0.128    	 0.25837   0.25827   0.32241   0.16095	-1.01919   0.20777   0.72301   0.08840  
      	     	          	           	          	           	             	                                      	 0.20786  -0.96993   0.22448   0.53760  
      	     	          	           	          	           	             	                                      	 0.57942   0.17983  -0.88283   0.12358  
      	     	          	           	          	           	             	                                      	 0.14191   0.86268   0.24756  -1.25216  
  #63	15   	-10314.01713	Yes        	4        	1.149    	0.003    	 0.25898   0.25817   0.32331   0.15954	-1.01517   0.16587   0.75958   0.08972  
      	     	          	           	          	           	             	                                      	 0.16639  -0.93225   0.26342   0.50244  
      	     	          	           	          	           	             	                                      	 0.60846   0.21035  -0.94056   0.12176  
      	     	          	           	          	           	             	                                      	 0.14565   0.81306   0.24674  -1.20545  
  #64	15   	-10239.06523	Yes        	4        	1.163    	0.016    	 0.25084   0.25298   0.32226   0.17392	-1.02015   0.17645   0.76525   0.07844  
      	     	          	           	          	           	             	                                      	 0.17496  -0.99481   0.25298   0.56687  
      	     	          	           	          	           	             	                                      	 0.59565   0.19859  -0.90813   0.11388  
      	     	          	           	          	           	             	                                      	 0.11314   0.82457   0.21102  -1.14872  
  #65	15   	-10425.03874	Yes        	4        	0.863    	0.000    	 0.24221   0.25371   0.31651   0.18757	-1.11779   0.25266   0.75734   0.10779  
      	     	          	           	          	           	             	                                      	 0.24120  -1.02036   0.23635   0.54282  
      	     	          	           	          	           	             	                                      	 0.57956   0.18946  -0.86879   0.09977  
      	     	          	           	          	           	             	                                      	 0.13919   0.73422   0.16835  -1.04176  
  #66	15   	-10253.13512	Yes        	4        	1.112    	0.000    	 0.24068   0.25018   0.31880   0.19034	-1.11335   0.22438   0.79057   0.09840  
      	     	          	           	          	           	             	                                      	 0.21586  -0.95206   0.20461   0.53159  
      	     	          	           	          	           	             	                                      	 0.59684   0.16057  -0.90754   0.15012  
      	     	          	           	          	           	             	                                      	 0.12442   0.69870   0.25143  -1.07455  
  #67	15   	-10453.15348	Yes        	4        	1.210    	0.051    	 0.23492   0.25207   0.32654   0.18647	-1.01579   0.21346   0.72551   0.07682  
      	     	          	           	          	           	             	                                      	 0.19894  -1.05587   0.27951   0.57741  
      	     	          	           	          	           	             	                                      	 0.52193   0.21576  -0.87664   0.13894  
      	     	          	           	          	           	             	                                      	 0.09677   0.78053   0.24331  -1.12061  
  #68	15   	-10319.17591	Yes        	4        	1.169    	0.059    	 0.25627   0.25582   0.31438   0.17353	-1.01485   0.22006   0.72438   0.07040  
      	     	          	           	          	           	             	                                      	 0.22045  -1.01100   0.24002   0.55052  
      	     	          	           	          	           	             	                                      	 0.59049   0.19531  -0.90568   0.11988  
      	     	          	           	          	           	             	                                      	 0.10397   0.81158   0.21719  -1.13274  
  #69	15   	-10598.85138	Yes        	4        	1.093    	0.008    	 0.25359   0.25976   0.30615   0.18051	-0.99330   0.18351   0.73170   0.07808  
      	     	          	           	          	           	             	                                      	 0.17915  -1.00065   0.26614   0.55537  
      	     	          	           	          	           	             	                                      	 0.60607   0.22581  -0.94530   0.11341  
      	     	          	           	          	           	             	                                      	 0.10970   0.79921   0.19236  -1.10127  
  #70	15   	-10398.57651	Yes        	4        	1.201    	0.000    	 0.26957   0.25068   0.30303   0.17672	-0.96852   0.19717   0.70533   0.06602  
      	     	          	           	          	           	             	                                      	 0.21203  -1.04953   0.24672   0.59078  
      	     	          	           	          	           	             	                                      	 0.62744   0.20409  -0.92714   0.09561  
      	     	          	           	          	           	             	                                      	 0.10070   0.83804   0.16395  -1.10270  
  #71	15   	-10354.51478	Yes        	4        	1.212    	0.042    	 0.26214   0.23595   0.32627   0.17564	-0.99000   0.18557   0.72752   0.07691  
      	     	          	           	          	           	             	                                      	 0.20616  -1.04700   0.25724   0.58359  
      	     	          	           	          	           	             	                                      	 0.58452   0.18603  -0.89954   0.12899  
      	     	          	           	          	           	             	                                      	 0.11479   0.78400   0.23961  -1.13841  
  #72	15   	-10211.17273	Yes        	4        	1.497    	0.069    	 0.25673   0.26601   0.31760   0.15966	-0.98018   0.21263   0.69722   0.07033  
      	     	          	           	          	           	             	                                      	 0.20521  -0.98544   0.25852   0.52170  
      	     	          	           	          	           	             	                                      	 0.56360   0.21653  -0.90862   0.12849  
      	     	          	           	          	           	             	                                      	 0.11309   0.86923   0.25560  -1.23792  
  #73	15   	-10521.28773	Yes        	4        	1.309    	0.042    	 0.25521   0.25653   0.31884   0.16943	-1.00000   0.18425   0.73420   0.08155  
      	     	          	           	          	           	             	                                      	 0.18330  -0.97494   0.23024   0.56140  
      	     	          	           	          	           	             	                                      	 0.58767   0.18524  -0.90375   0.13084  
      	     	          	           	          	           	             	                                      	 0.12284   0.85001   0.24623  -1.21908  
  #74	15   	-10308.74198	Yes        	4        	1.732    	0.107    	 0.24609   0.26120   0.32811   0.16459	-0.98714   0.20800   0.70670   0.07245  
      	     	          	           	          	           	             	                                      	 0.19597  -1.01126   0.27401   0.54129  
      	     	          	           	          	           	             	                                      	 0.53005   0.21813  -0.88263   0.13444  
      	     	          	           	          	           	             	                                      	 0.10833   0.85899   0.26801  -1.23533  
  #75	15   	-10283.31649	Yes        	4        	1.262    	0.067    	 0.23743   0.26203   0.31825   0.18229	-1.13725   0.22820   0.83375   0.07530  
      	     	          	           	          	           	             	                                      	 0.20677  -0.94917   0.20205   0.54035  
      	     	          	           	          	           	             	                                      	 0.62200   0.16636  -0.89976   0.11140  
      	     	          	           	          	           	             	                                      	 0.09808   0.77674   0.19449  -1.06931  
  #76	15   	-10017.88987	Yes        	4        	1.858    	0.117    	 0.25762   0.24754   0.32717   0.16766	-1.01442   0.21778   0.72339   0.07326  
      	     	          	           	          	           	             	                                      	 0.22664  -1.03301   0.22454   0.58183  
      	     	          	           	          	           	             	                                      	 0.56961   0.16989  -0.85886   0.11936  
      	     	          	           	          	           	             	                                      	 0.11256   0.85906   0.23292  -1.20454  
  #77	15   	-10527.19335	Yes        	4        	1.056    	0.033    	 0.25641   0.24565   0.32137   0.17657	-1.02850   0.23324   0.72298   0.07228  
      	     	          	           	          	           	             	                                      	 0.24345  -1.05819   0.24956   0.56518  
      	     	          	           	          	           	             	                                      	 0.57685   0.19076  -0.88006   0.11244  
      	     	          	           	          	           	             	                                      	 0.10497   0.78633   0.20466  -1.09596  
  #78	15   	-10536.37123	Yes        	4        	1.661    	0.125    	 0.25741   0.25513   0.31940   0.16807	-1.03795   0.19835   0.74187   0.09774  
      	     	          	           	          	           	             	                                      	 0.20011  -0.94923   0.23577   0.51335  
      	     	          	           	          	           	             	                                      	 0.59789   0.18833  -0.91677   0.13056  
      	     	          	           	          	           	             	                                      	 0.14970   0.77929   0.24811  -1.17710  
  #79	15   	-10706.88411	Yes        	4        	1.006    	0.000    	 0.26634   0.24339   0.32422   0.16604	-0.97559   0.18091   0.71525   0.07943  
      	     	          	           	          	           	             	                                      	 0.19796  -1.03199   0.28373   0.55029  
      	     	          	           	          	           	             	                                      	 0.58757   0.21300  -0.91518   0.11461  
      	     	          	           	          	           	             	                                      	 0.12742   0.80667   0.22380  -1.15789  
  #80	15   	-10122.23476	Yes        	4        	1.122    	0.024    	 0.24422   0.25154   0.32188   0.18236	-1.09260   0.22493   0.78222   0.08545  
      	     	          	           	          	           	             	                                      	 0.21838  -0.98827   0.25398   0.51591  
      	     	          	           	          	           	             	                                      	 0.59350   0.19848  -0.91472   0.12273  
      	     	          	           	          	           	             	                                      	 0.11444   0.71162   0.21664  -1.04270  
  #81	15   	-10176.69939	Yes        	4        	1.011    	0.006    	 0.26663   0.26313   0.30634   0.16389	-0.97562   0.18589   0.71669   0.07304  
      	     	          	           	          	           	             	                                      	 0.18836  -0.96511   0.21534   0.56140  
      	     	          	           	          	           	             	                                      	 0.62380   0.18497  -0.92459   0.11582  
      	     	          	           	          	           	             	                                      	 0.11882   0.90133   0.21648  -1.23664  
  #82	15   	-10305.49964	Yes        	4        	1.079    	0.030    	 0.25607   0.25272   0.31675   0.17447	-0.98372   0.20456   0.69222   0.08694  
      	     	          	           	          	           	             	                                      	 0.20728  -1.03932   0.26027   0.57177  
      	     	          	           	          	           	             	                                      	 0.55962   0.20765  -0.88670   0.11943  
      	     	          	           	          	           	             	                                      	 0.12760   0.82821   0.21682  -1.17263  
  #83	15   	-10388.49071	Yes        	4        	1.006    	0.000    	 0.26264   0.24552   0.32797   0.16388	-0.95315   0.14889   0.70430   0.09996  
      	     	          	           	          	           	             	                                      	 0.15927  -1.03625   0.28159   0.59539  
      	     	          	           	          	           	             	                                      	 0.56400   0.21080  -0.87956   0.10475  
      	     	          	           	          	           	             	                                      	 0.16020   0.89198   0.20963  -1.26181  
  #84	15   	-10286.12282	Yes        	4        	1.029    	0.000    	 0.25015   0.26082   0.30073   0.18830	-1.09297   0.25140   0.74465   0.09692  
      	     	          	           	          	           	             	                                      	 0.24111  -0.96478   0.21372   0.50995  
      	     	          	           	          	           	             	                                      	 0.61942   0.18536  -0.93061   0.12583  
      	     	          	           	          	           	             	                                      	 0.12877   0.70637   0.20096  -1.03610  
  #85	15   	-10555.10085	Yes        	4        	1.074    	0.021    	 0.26900   0.22922   0.33312   0.16866	-0.95964   0.16459   0.71048   0.08458  
      	     	          	           	          	           	             	                                      	 0.19315  -1.07215   0.26592   0.61308  
      	     	          	           	          	           	             	                                      	 0.57373   0.18299  -0.87790   0.12118  
      	     	          	           	          	           	             	                                      	 0.13490   0.83324   0.23934  -1.20747  
  #86	15   	-10206.64715	Yes        	4        	1.040    	0.000    	 0.25962   0.25635   0.31064   0.17339	-0.96469   0.20431   0.65951   0.10087  
      	     	          	           	          	           	             	                                      	 0.20691  -1.04425   0.25925   0.57809  
      	     	          	           	          	           	             	                                      	 0.55119   0.21395  -0.87747   0.11233  
      	     	          	           	          	           	             	                                      	 0.15103   0.85468   0.20125  -1.20697  
  #87	15   	-9989.28771	Yes        	4        	1.396    	0.113    	 0.25861   0.23727   0.34449   0.15964	-1.03704   0.19372   0.78398   0.05934  
      	     	          	           	          	           	             	                                      	 0.21115  -1.02715   0.25036   0.56564  
      	     	          	           	          	           	             	                                      	 0.58854   0.17244  -0.87187   0.11090  
      	     	          	           	          	           	             	                                      	 0.09613   0.84069   0.23932  -1.17614  
  #88	15   	-10032.22848	Yes        	4        	1.503    	0.091    	 0.25824   0.24997   0.31565   0.17614	-0.96109   0.20443   0.68055   0.07611  
      	     	          	           	          	           	             	                                      	 0.21118  -1.05447   0.27248   0.57081  
      	     	          	           	          	           	             	                                      	 0.55677   0.21578  -0.90248   0.12993  
      	     	          	           	          	           	             	                                      	 0.11158   0.81008   0.23285  -1.15450  
  #89	15   	-10464.19560	Yes        	4        	1.106    	0.000    	 0.26007   0.27352   0.29496   0.17145	-0.96265   0.19552   0.68974   0.07739  
      	     	          	           	          	           	             	                                      	 0.18591  -0.93743   0.24272   0.50880  
      	     	          	           	          	           	             	                                      	 0.60815   0.22507  -0.98269   0.14946  
      	     	          	           	          	           	             	                                      	 0.11740   0.81172   0.25714  -1.18626  
  #90	15   	-10107.41912	Yes        	4        	1.652    	0.115    	 0.25655   0.25579   0.33695   0.15071	-0.96714   0.17760   0.70661   0.08293  
      	     	          	           	          	           	             	                                      	 0.17813  -0.99507   0.25563   0.56131  
      	     	          	           	          	           	             	                                      	 0.53801   0.19405  -0.85943   0.12736  
      	     	          	           	          	           	             	                                      	 0.14117   0.95268   0.28475  -1.37860  
  #91	15   	-10454.79829	Yes        	4        	1.473    	0.073    	 0.25782   0.25045   0.33088   0.16086	-0.98119   0.18512   0.72007   0.07600  
      	     	          	           	          	           	             	                                      	 0.19057  -1.00986   0.23029   0.58901  
      	     	          	           	          	           	             	                                      	 0.56108   0.17431  -0.86184   0.12645  
      	     	          	           	          	           	             	                                      	 0.12181   0.91707   0.26011  -1.29898  
  #92	15   	-10455.86503	Yes        	4        	1.392    	0.081    	 0.24048   0.25430   0.34067   0.16455	-1.07761   0.20579   0.77117   0.10064  
      	     	          	           	          	           	             	                                      	 0.19461  -0.98740   0.26575   0.52703  
      	     	          	           	          	           	             	                                      	 0.54438   0.19838  -0.85796   0.11521  
      	     	          	           	          	           	             	                                      	 0.14709   0.81451   0.23853  -1.20012  
  #93	15   	-10366.88753	Yes        	4        	1.253    	0.012    	 0.24343   0.27190   0.31464   0.17003	-1.02484   0.22139   0.72622   0.07723  
      	     	          	           	          	           	             	                                      	 0.19821  -0.95826   0.23458   0.52548  
      	     	          	           	          	           	             	                                      	 0.56186   0.20271  -0.90398   0.13941  
      	     	          	           	          	           	             	                                      	 0.11057   0.84032   0.25798  -1.20887  
  #94	15   	-10244.85596	Yes        	4        	1.298    	0.079    	 0.24701   0.24949   0.33041   0.17308	-1.04165   0.16613   0.78691   0.08860  
      	     	          	           	          	           	             	                                      	 0.16448  -0.98484   0.28165   0.53871  
      	     	          	           	          	           	             	                                      	 0.58829   0.21267  -0.91605   0.11509  
      	     	          	           	          	           	             	                                      	 0.12645   0.77654   0.21970  -1.12269  
  #95	15   	-10438.11853	Yes        	4        	1.139    	0.017    	 0.26403   0.25763   0.31436   0.16398	-0.96318   0.20231   0.69514   0.06573  
      	     	          	           	          	           	             	                                      	 0.20733  -1.00879   0.25476   0.54670  
      	     	          	           	          	           	             	                                      	 0.58386   0.20878  -0.91737   0.12473  
      	     	          	           	          	           	             	                                      	 0.10584   0.85891   0.23911  -1.20387  
  #96	15   	-10739.89771	Yes        	4        	1.256    	0.034    	 0.24733   0.25951   0.31203   0.18112	-0.99473   0.20143   0.72059   0.07271  
      	     	          	           	          	           	             	                                      	 0.19198  -1.01592   0.23495   0.58898  
      	     	          	           	          	           	             	                                      	 0.57118   0.19540  -0.89526   0.12868  
      	     	          	           	          	           	             	                                      	 0.09929   0.84388   0.22168  -1.16484  
  #97	15   	-10113.79511	Yes        	4        	1.264    	0.046    	 0.25678   0.25828   0.31443   0.17052	-0.99782   0.19363   0.72578   0.07841  
      	     	          	           	          	           	             	                                      	 0.19251  -1.00734   0.26711   0.54771  
      	     	          	           	          	           	             	                                      	 0.59272   0.21941  -0.91813   0.10600  
      	     	          	           	          	           	             	                                      	 0.11807   0.82960   0.19546  -1.14313  
  #98	15   	-10316.58474	Yes        	4        	1.202    	0.043    	 0.25080   0.25213   0.32852   0.16855	-1.03422   0.20623   0.75047   0.07752  
      	     	          	           	          	           	             	                                      	 0.20515  -0.99854   0.27136   0.52204  
      	     	          	           	          	           	             	                                      	 0.57293   0.20826  -0.90469   0.12351  
      	     	          	           	          	           	             	                                      	 0.11535   0.78093   0.24075  -1.13703  
  #99	15   	-10371.30321	Yes        	4        	1.335    	0.077    	 0.26350   0.25874   0.29967   0.17809	-0.97083   0.17203   0.73657   0.06223  
      	     	          	           	          	           	             	                                      	 0.17520  -0.95039   0.23829   0.53691  
      	     	          	           	          	           	             	                                      	 0.64768   0.20574  -0.99894   0.14552  
      	     	          	           	          	           	             	                                      	 0.09208   0.78005   0.24487  -1.11701  
  #100	15   	-10227.96531	Yes        	4        	1.666    	0.143    	 0.23201   0.26428   0.32039   0.18332	-1.06788   0.19103   0.78447   0.09238  
      	     	          	           	          	           	             	                                      	 0.16770  -0.99797   0.23759   0.59268  
      	     	          	           	          	           	             	                                      	 0.56807   0.19598  -0.86647   0.10243  
      	     	          	           	          	           	             	                                      	 0.11692   0.85444   0.17902  -1.15038  
