

TREE # 1
   1   3244.32790 x   0.02165  0.07496  0.72083  0.18072  0.24265  0.20072  0.05708  0.13687  0.08384  3.15757  0.14115
   2   3243.84502 x   0.02035  0.07102  0.74649  0.18858  0.24582  0.20163  0.05709  0.13722  0.08392  3.31721  0.13181
   3   3243.81922 x   0.01989  0.06816  0.75377  0.19115  0.24655  0.20192  0.05712  0.13728  0.08396  3.34783  0.13009
   4   3243.81813 x   0.01991  0.06810  0.75493  0.19134  0.24668  0.20200  0.05710  0.13731  0.08396  3.35677  0.12964
   5   3243.81809 x   0.01990  0.06804  0.75515  0.19141  0.24671  0.20201  0.05710  0.13732  0.08396  3.35807  0.12957
   6   3243.81809 x   0.01989  0.06802  0.75520  0.19143  0.24672  0.20201  0.05710  0.13732  0.08396  3.35834  0.12955
   7   3243.81809 x   0.01989  0.06801  0.75521  0.19143  0.24672  0.20201  0.05710  0.13732  0.08396  3.35840  0.12955
