

TREE # 1
   1   6182.44142 x   0.08543  0.08062  0.52902  0.15999  0.09557  0.03260  0.02297  0.03239  0.06267  0.12190  0.49577  0.43669  0.07591  0.14434  0.01288  0.15341  0.29219  2.58849  0.20674
   2   6181.68882 x   0.08581  0.08049  0.53423  0.15868  0.09540  0.03263  0.02299  0.03237  0.06267  0.11764  0.50572  0.44441  0.07679  0.14456  0.01229  0.15389  0.29361  2.79270  0.20255
   3   6181.67679 x   0.08587  0.08044  0.53472  0.15867  0.09539  0.03263  0.02300  0.03237  0.06262  0.11362  0.50758  0.44754  0.07702  0.14473  0.01217  0.15394  0.29371  2.79761  0.20197
   4   6181.67547 x   0.08590  0.08042  0.53481  0.15861  0.09537  0.03265  0.02300  0.03237  0.06266  0.11182  0.50824  0.44883  0.07709  0.14477  0.01216  0.15395  0.29372  2.79842  0.20189
   5   6181.67545 x   0.08590  0.08042  0.53483  0.15861  0.09536  0.03265  0.02300  0.03237  0.06266  0.11168  0.50830  0.44894  0.07710  0.14477  0.01215  0.15395  0.29373  2.79865  0.20187
   6   6181.67545 x   0.08590  0.08042  0.53483  0.15860  0.09536  0.03266  0.02300  0.03237  0.06267  0.11164  0.50831  0.44897  0.07710  0.14477  0.01215  0.15395  0.29373  2.79867  0.20187
   7   6181.67545 x   0.08590  0.08042  0.53483  0.15860  0.09536  0.03266  0.02300  0.03237  0.06267  0.11162  0.50832  0.44898  0.07710  0.14477  0.01215  0.15395  0.29373  2.79867  0.20187
   8   6181.67545 x   0.08590  0.08042  0.53483  0.15860  0.09536  0.03266  0.02300  0.03237  0.06267  0.11162  0.50832  0.44898  0.07710  0.14477  0.01215  0.15395  0.29373  2.79867  0.20187
