. Sequence file : [PNMAseqsToAlign3.fa.nonRedundant.group_PNMA_PNMA6A_aln1_NT.trim1_1071.fa.phyml]

. Model of nucleotides substitution : GTR

. Initial tree : [BioNJ]


. Data	Nb of 	Likelihood	Discrete   	Number of 	Gamma shape	Proportion of	Nucleotides frequencies               	Instantaneous rate matrix              	
  set	taxa	loglk     	gamma model	categories	parameter  	invariant    	f(A)      f(C)      f(G)      f(T)    	[A---------C---------G---------T------]	

  #1	10   	-5305.71478	Yes        	4        	1.009    	0.031    	 0.19820   0.26803   0.36409   0.16968	-1.22967   0.31322   0.86506   0.05139  
      	     	          	           	          	           	             	                                      	 0.23162  -1.04289   0.29098   0.52028  
      	     	          	           	          	           	             	                                      	 0.47093   0.21421  -0.79179   0.10665  
      	     	          	           	          	           	             	                                      	 0.06003   0.82186   0.22885  -1.11074  
  #2	10   	-4944.25061	Yes        	4        	1.025    	0.077    	 0.18716   0.26039   0.35287   0.19958	-1.26965   0.35457   0.87386   0.04122  
      	     	          	           	          	           	             	                                      	 0.25484  -1.11647   0.34980   0.51182  
      	     	          	           	          	           	             	                                      	 0.46348   0.25813  -0.82934   0.10773  
      	     	          	           	          	           	             	                                      	 0.03866   0.66778   0.19048  -0.89692  
  #3	10   	-5318.33290	Yes        	4        	1.024    	0.033    	 0.16702   0.28482   0.36818   0.17997	-1.39520   0.32739   0.93807   0.12974  
      	     	          	           	          	           	             	                                      	 0.19198  -1.02455   0.29855   0.53401  
      	     	          	           	          	           	             	                                      	 0.42553   0.23096  -0.73754   0.08105  
      	     	          	           	          	           	             	                                      	 0.12040   0.84512   0.16581  -1.13133  
  #4	10   	-5240.18989	Yes        	4        	1.567    	0.145    	 0.18840   0.24499   0.36683   0.19978	-1.16386   0.26090   0.83892   0.06405  
      	     	          	           	          	           	             	                                      	 0.20064  -1.21821   0.41719   0.60038  
      	     	          	           	          	           	             	                                      	 0.43087   0.27862  -0.79518   0.08569  
      	     	          	           	          	           	             	                                      	 0.06040   0.73623   0.15734  -0.95398  
  #5	10   	-5242.65814	Yes        	4        	1.104    	0.071    	 0.17098   0.26018   0.37209   0.19675	-1.37863   0.31872   0.97864   0.08127  
      	     	          	           	          	           	             	                                      	 0.20945  -1.07115   0.27858   0.58312  
      	     	          	           	          	           	             	                                      	 0.44970   0.19480  -0.75222   0.10772  
      	     	          	           	          	           	             	                                      	 0.07062   0.77112   0.20373  -1.04547  
  #6	10   	-5072.45951	Yes        	4        	1.050    	0.076    	 0.17754   0.26876   0.34639   0.20731	-1.20775   0.23263   0.92850   0.04662  
      	     	          	           	          	           	             	                                      	 0.15368  -1.04377   0.32201   0.56808  
      	     	          	           	          	           	             	                                      	 0.47590   0.24984  -0.85957   0.13382  
      	     	          	           	          	           	             	                                      	 0.03993   0.73646   0.22360  -0.99998  
  #7	10   	-5080.35929	Yes        	4        	1.427    	0.093    	 0.17738   0.26895   0.35873   0.19494	-1.22500   0.28737   0.88505   0.05258  
      	     	          	           	          	           	             	                                      	 0.18953  -1.04293   0.29010   0.56331  
      	     	          	           	          	           	             	                                      	 0.43763   0.21749  -0.80339   0.14826  
      	     	          	           	          	           	             	                                      	 0.04784   0.77716   0.27284  -1.09784  
  #8	10   	-5081.46534	Yes        	4        	1.139    	0.038    	 0.16703   0.26905   0.36487   0.19904	-1.30895   0.29919   0.94837   0.06139  
      	     	          	           	          	           	             	                                      	 0.18575  -1.06676   0.31701   0.56401  
      	     	          	           	          	           	             	                                      	 0.43415   0.23376  -0.78938   0.12147  
      	     	          	           	          	           	             	                                      	 0.05152   0.76240   0.22268  -1.03659  
  #9	10   	-5101.83306	Yes        	4        	1.392    	0.045    	 0.16163   0.26006   0.38534   0.19298	-1.55904   0.37677   1.06942   0.11286  
      	     	          	           	          	           	             	                                      	 0.23417  -1.00227   0.27364   0.49447  
      	     	          	           	          	           	             	                                      	 0.44857   0.18467  -0.75848   0.12524  
      	     	          	           	          	           	             	                                      	 0.09453   0.66636   0.25009  -1.01098  
  #10	10   	-4927.71924	Yes        	4        	2.168    	0.128    	 0.18000   0.26741   0.39636   0.15623	-1.27472   0.32668   0.86113   0.08691  
      	     	          	           	          	           	             	                                      	 0.21990  -1.09117   0.35291   0.51835  
      	     	          	           	          	           	             	                                      	 0.39107   0.23809  -0.72394   0.09478  
      	     	          	           	          	           	             	                                      	 0.10014   0.88723   0.24046  -1.22783  
  #11	10   	-5256.81305	Yes        	4        	1.120    	0.083    	 0.18114   0.26228   0.35887   0.19771	-1.23595   0.31500   0.86577   0.05518  
      	     	          	           	          	           	             	                                      	 0.21756  -1.08308   0.30756   0.55797  
      	     	          	           	          	           	             	                                      	 0.43701   0.22477  -0.79863   0.13685  
      	     	          	           	          	           	             	                                      	 0.05055   0.74018   0.24840  -1.03913  
  #12	10   	-5004.39082	Yes        	4        	0.993    	0.086    	 0.16620   0.25978   0.37460   0.19942	-1.34483   0.29624   0.95235   0.09625  
      	     	          	           	          	           	             	                                      	 0.18953  -1.08099   0.32174   0.56973  
      	     	          	           	          	           	             	                                      	 0.42253   0.22312  -0.76552   0.11987  
      	     	          	           	          	           	             	                                      	 0.08022   0.74216   0.22518  -1.04755  
  #13	10   	-5258.61241	Yes        	4        	1.059    	0.010    	 0.17560   0.25972   0.35845   0.20623	-1.35622   0.29540   1.02207   0.03875  
      	     	          	           	          	           	             	                                      	 0.19972  -1.02942   0.29817   0.53153  
      	     	          	           	          	           	             	                                      	 0.50069   0.21604  -0.84606   0.12933  
      	     	          	           	          	           	             	                                      	 0.03300   0.66941   0.22479  -0.92720  
  #14	10   	-5130.97980	Yes        	4        	1.130    	0.000    	 0.18039   0.26902   0.38306   0.16754	-1.23442   0.32753   0.81966   0.08723  
      	     	          	           	          	           	             	                                      	 0.21961  -1.08784   0.31317   0.55506  
      	     	          	           	          	           	             	                                      	 0.38599   0.21994  -0.72016   0.11423  
      	     	          	           	          	           	             	                                      	 0.09392   0.89129   0.26117  -1.24638  
  #15	10   	-5070.61319	Yes        	4        	1.014    	0.031    	 0.17890   0.26185   0.35871   0.20054	-1.25444   0.35979   0.87255   0.02210  
      	     	          	           	          	           	             	                                      	 0.24583  -1.13875   0.29786   0.59506  
      	     	          	           	          	           	             	                                      	 0.43518   0.21743  -0.76905   0.11644  
      	     	          	           	          	           	             	                                      	 0.01971   0.77697   0.20828  -1.00496  
  #16	10   	-5192.82273	Yes        	4        	1.882    	0.129    	 0.17615   0.24333   0.36999   0.21054	-1.27503   0.29854   0.90174   0.07475  
      	     	          	           	          	           	             	                                      	 0.21612  -1.14201   0.34577   0.58013  
      	     	          	           	          	           	             	                                      	 0.42930   0.22740  -0.79214   0.13544  
      	     	          	           	          	           	             	                                      	 0.06254   0.67048   0.23802  -0.97104  
  #17	10   	-5266.05568	Yes        	4        	1.744    	0.120    	 0.19387   0.27312   0.34826   0.18475	-1.32989   0.35483   0.87535   0.09972  
      	     	          	           	          	           	             	                                      	 0.25187  -1.01602   0.26918   0.49497  
      	     	          	           	          	           	             	                                      	 0.48728   0.21110  -0.79449   0.09611  
      	     	          	           	          	           	             	                                      	 0.10464   0.73172   0.18117  -1.01753  
  #18	10   	-5147.06959	Yes        	4        	1.058    	0.052    	 0.18183   0.27581   0.36788   0.17449	-1.22613   0.29983   0.86356   0.06274  
      	     	          	           	          	           	             	                                      	 0.19767  -1.04391   0.27703   0.56921  
      	     	          	           	          	           	             	                                      	 0.42682   0.20770  -0.75319   0.11867  
      	     	          	           	          	           	             	                                      	 0.06538   0.89972   0.25019  -1.21530  
  #19	10   	-5314.25648	Yes        	4        	1.180    	0.068    	 0.18724   0.26049   0.34738   0.20490	-1.17925   0.26709   0.84031   0.07185  
      	     	          	           	          	           	             	                                      	 0.19198  -1.08800   0.29029   0.60572  
      	     	          	           	          	           	             	                                      	 0.45292   0.21768  -0.80245   0.13185  
      	     	          	           	          	           	             	                                      	 0.06566   0.77005   0.22354  -1.05925  
  #20	10   	-5078.62899	Yes        	4        	0.810    	0.000    	 0.16238   0.26448   0.38476   0.18838	-1.47674   0.34421   1.01802   0.11450  
      	     	          	           	          	           	             	                                      	 0.21134  -1.04613   0.26301   0.57178  
      	     	          	           	          	           	             	                                      	 0.42965   0.18079  -0.71288   0.10244  
      	     	          	           	          	           	             	                                      	 0.09870   0.80278   0.20924  -1.11072  
  #21	10   	-5363.10810	Yes        	4        	1.053    	0.050    	 0.19008   0.25211   0.36356   0.19425	-1.29825   0.29157   0.92567   0.08102  
      	     	          	           	          	           	             	                                      	 0.21983  -1.03229   0.29727   0.51519  
      	     	          	           	          	           	             	                                      	 0.48397   0.20614  -0.82324   0.13313  
      	     	          	           	          	           	             	                                      	 0.07927   0.66864   0.24915  -0.99707  
  #22	10   	-5275.96517	Yes        	4        	1.679    	0.186    	 0.18239   0.26232   0.36725   0.18804	-1.22368   0.32471   0.80695   0.09201  
      	     	          	           	          	           	             	                                      	 0.22576  -1.16339   0.30897   0.62866  
      	     	          	           	          	           	             	                                      	 0.40075   0.22069  -0.70547   0.08402  
      	     	          	           	          	           	             	                                      	 0.08925   0.87701   0.16410  -1.13035  
  #23	10   	-4943.36761	Yes        	4        	0.857    	0.026    	 0.16076   0.25274   0.39100   0.19550	-1.52661   0.26017   1.14173   0.12470  
      	     	          	           	          	           	             	                                      	 0.16549  -1.01504   0.31635   0.53321  
      	     	          	           	          	           	             	                                      	 0.46941   0.20448  -0.77587   0.10198  
      	     	          	           	          	           	             	                                      	 0.10254   0.68930   0.20396  -0.99580  
  #24	10   	-5020.78691	Yes        	4        	1.707    	0.202    	 0.17090   0.27567   0.35843   0.19500	-1.34332   0.35095   0.93555   0.05683  
      	     	          	           	          	           	             	                                      	 0.21757  -1.04945   0.24595   0.58593  
      	     	          	           	          	           	             	                                      	 0.44607   0.18916  -0.74990   0.11467  
      	     	          	           	          	           	             	                                      	 0.04980   0.82833   0.21078  -1.08891  
  #25	10   	-5055.95632	Yes        	4        	1.559    	0.115    	 0.18783   0.25101   0.37233   0.18884	-1.28279   0.26196   0.92454   0.09629  
      	     	          	           	          	           	             	                                      	 0.19603  -1.03064   0.27211   0.56250  
      	     	          	           	          	           	             	                                      	 0.46640   0.18345  -0.78296   0.13311  
      	     	          	           	          	           	             	                                      	 0.09578   0.74770   0.26246  -1.10594  
  #26	10   	-5142.08448	Yes        	4        	1.076    	0.092    	 0.16529   0.26302   0.36760   0.20409	-1.33912   0.32044   0.94598   0.07270  
      	     	          	           	          	           	             	                                      	 0.20138  -1.08541   0.29482   0.58921  
      	     	          	           	          	           	             	                                      	 0.42537   0.21095  -0.76182   0.12550  
      	     	          	           	          	           	             	                                      	 0.05888   0.75936   0.22604  -1.04428  
  #27	10   	-5289.07632	Yes        	4        	1.130    	0.081    	 0.16008   0.28590   0.37597   0.17805	-1.48247   0.42578   0.99170   0.06498  
      	     	          	           	          	           	             	                                      	 0.23840  -0.99961   0.26811   0.49311  
      	     	          	           	          	           	             	                                      	 0.42223   0.20387  -0.74596   0.11985  
      	     	          	           	          	           	             	                                      	 0.05842   0.79180   0.25308  -1.10330  
  #28	10   	-5224.01611	Yes        	4        	1.047    	0.050    	 0.18353   0.24440   0.38735   0.18473	-1.42343   0.35773   1.00956   0.05613  
      	     	          	           	          	           	             	                                      	 0.26863  -1.09741   0.28267   0.54612  
      	     	          	           	          	           	             	                                      	 0.47834   0.17835  -0.75016   0.09348  
      	     	          	           	          	           	             	                                      	 0.05577   0.72254   0.19601  -0.97431  
  #29	10   	-5213.00638	Yes        	4        	0.939    	0.001    	 0.17492   0.26063   0.36320   0.20126	-1.19725   0.21528   0.93744   0.04453  
      	     	          	           	          	           	             	                                      	 0.14448  -1.05402   0.33312   0.57642  
      	     	          	           	          	           	             	                                      	 0.45146   0.23904  -0.83790   0.14739  
      	     	          	           	          	           	             	                                      	 0.03870   0.74646   0.26599  -1.05115  
  #30	10   	-5257.19573	Yes        	4        	1.954    	0.179    	 0.17980   0.26108   0.37912   0.18000	-1.16994   0.29166   0.83230   0.04598  
      	     	          	           	          	           	             	                                      	 0.20085  -1.12226   0.28225   0.63915  
      	     	          	           	          	           	             	                                      	 0.39472   0.19437  -0.71856   0.12947  
      	     	          	           	          	           	             	                                      	 0.04593   0.92707   0.27269  -1.24569  
  #31	10   	-5084.63978	Yes        	4        	0.895    	0.068    	 0.19240   0.25982   0.36029   0.18748	-1.23866   0.31226   0.89401   0.03239  
      	     	          	           	          	           	             	                                      	 0.23124  -1.04385   0.27430   0.53831  
      	     	          	           	          	           	             	                                      	 0.47742   0.19781  -0.81551   0.14028  
      	     	          	           	          	           	             	                                      	 0.03324   0.74602   0.26958  -1.04885  
  #32	10   	-5112.42879	Yes        	4        	0.773    	0.000    	 0.18493   0.25299   0.36927   0.19281	-1.28746   0.32151   0.89336   0.07259  
      	     	          	           	          	           	             	                                      	 0.23502  -1.07664   0.28566   0.55595  
      	     	          	           	          	           	             	                                      	 0.44740   0.19571  -0.77577   0.13266  
      	     	          	           	          	           	             	                                      	 0.06962   0.72949   0.25407  -1.05318  
  #33	10   	-4994.70525	Yes        	4        	0.928    	0.070    	 0.16035   0.27445   0.36974   0.19546	-1.43090   0.36552   0.96533   0.10005  
      	     	          	           	          	           	             	                                      	 0.21356  -1.01837   0.27487   0.52994  
      	     	          	           	          	           	             	                                      	 0.41865   0.20403  -0.75703   0.13436  
      	     	          	           	          	           	             	                                      	 0.08208   0.74407   0.25416  -1.08030  
  #34	10   	-5305.55815	Yes        	4        	0.874    	0.000    	 0.17622   0.27572   0.36583   0.18222	-1.25584   0.31987   0.87107   0.06490  
      	     	          	           	          	           	             	                                      	 0.20444  -1.05925   0.27769   0.57712  
      	     	          	           	          	           	             	                                      	 0.41960   0.20929  -0.74642   0.11754  
      	     	          	           	          	           	             	                                      	 0.06276   0.87328   0.23597  -1.17201  
  #35	10   	-5100.43308	Yes        	4        	2.017    	0.148    	 0.17758   0.25761   0.37620   0.18860	-1.36449   0.32077   0.97080   0.07291  
      	     	          	           	          	           	             	                                      	 0.22113  -1.05590   0.34217   0.49260  
      	     	          	           	          	           	             	                                      	 0.45826   0.23431  -0.80592   0.11335  
      	     	          	           	          	           	             	                                      	 0.06865   0.67284   0.22609  -0.96759  
  #36	10   	-5025.59744	Yes        	4        	1.526    	0.077    	 0.16934   0.26565   0.38032   0.18469	-1.35987   0.27366   0.93160   0.15462  
      	     	          	           	          	           	             	                                      	 0.17445  -1.04446   0.29605   0.57397  
      	     	          	           	          	           	             	                                      	 0.41481   0.20679  -0.72308   0.10149  
      	     	          	           	          	           	             	                                      	 0.14177   0.82556   0.20898  -1.17631  
  #37	10   	-5097.26480	Yes        	4        	0.980    	0.081    	 0.17304   0.26386   0.38400   0.17911	-1.42409   0.36485   0.97065   0.08859  
      	     	          	           	          	           	             	                                      	 0.23927  -1.02737   0.28044   0.50766  
      	     	          	           	          	           	             	                                      	 0.43739   0.19269  -0.74893   0.11884  
      	     	          	           	          	           	             	                                      	 0.08558   0.74788   0.25480  -1.08826  
  #38	10   	-5067.19829	Yes        	4        	0.992    	0.155    	 0.18016   0.27505   0.36824   0.17655	-1.30109   0.32598   0.90883   0.06628  
      	     	          	           	          	           	             	                                      	 0.21351  -1.03271   0.22417   0.59503  
      	     	          	           	          	           	             	                                      	 0.44464   0.16744  -0.72145   0.10937  
      	     	          	           	          	           	             	                                      	 0.06763   0.92703   0.22813  -1.22278  
  #39	10   	-5034.93947	Yes        	4        	1.007    	0.075    	 0.19946   0.24880   0.37655   0.17519	-1.22345   0.27889   0.88210   0.06245  
      	     	          	           	          	           	             	                                      	 0.22359  -1.10994   0.31643   0.56992  
      	     	          	           	          	           	             	                                      	 0.46724   0.20907  -0.77047   0.09415  
      	     	          	           	          	           	             	                                      	 0.07110   0.80937   0.20236  -1.08283  
  #40	10   	-4906.54449	Yes        	4        	0.821    	0.027    	 0.15008   0.27662   0.39238   0.18092	-1.55255   0.35265   1.07692   0.12298  
      	     	          	           	          	           	             	                                      	 0.19134  -1.01337   0.28630   0.53574  
      	     	          	           	          	           	             	                                      	 0.41193   0.20184  -0.71467   0.10091  
      	     	          	           	          	           	             	                                      	 0.10202   0.81912   0.21885  -1.13999  
  #41	10   	-5261.88673	Yes        	4        	1.171    	0.128    	 0.17581   0.27837   0.36412   0.18171	-1.30555   0.32542   0.87109   0.10904  
      	     	          	           	          	           	             	                                      	 0.20552  -1.01206   0.28923   0.51731  
      	     	          	           	          	           	             	                                      	 0.42058   0.22111  -0.76793   0.12623  
      	     	          	           	          	           	             	                                      	 0.10550   0.79249   0.25295  -1.15094  
  #42	10   	-5109.54306	Yes        	4        	1.122    	0.088    	 0.19003   0.26661   0.35045   0.19291	-1.20784   0.29059   0.85869   0.05856  
      	     	          	           	          	           	             	                                      	 0.20712  -1.09525   0.32929   0.55884  
      	     	          	           	          	           	             	                                      	 0.46561   0.25052  -0.81226   0.09613  
      	     	          	           	          	           	             	                                      	 0.05768   0.77236   0.17464  -1.00469  
  #43	10   	-5057.08909	Yes        	4        	1.315    	0.052    	 0.16841   0.28232   0.35713   0.19214	-1.25629   0.26029   0.90804   0.08796  
      	     	          	           	          	           	             	                                      	 0.15526  -0.99499   0.31142   0.52830  
      	     	          	           	          	           	             	                                      	 0.42820   0.24619  -0.81819   0.14380  
      	     	          	           	          	           	             	                                      	 0.07710   0.77628   0.26728  -1.12067  
  #44	10   	-5115.66939	Yes        	4        	0.959    	0.002    	 0.16645   0.24469   0.38888   0.19998	-1.24909   0.33668   0.86764   0.04478  
      	     	          	           	          	           	             	                                      	 0.22903  -1.24412   0.34930   0.66579  
      	     	          	           	          	           	             	                                      	 0.37137   0.21978  -0.70355   0.11240  
      	     	          	           	          	           	             	                                      	 0.03727   0.81463   0.21857  -1.07046  
  #45	10   	-5250.27813	Yes        	4        	0.974    	0.000    	 0.17496   0.28178   0.37060   0.17267	-1.35311   0.33129   0.95849   0.06333  
      	     	          	           	          	           	             	                                      	 0.20570  -1.00239   0.26220   0.53450  
      	     	          	           	          	           	             	                                      	 0.45249   0.19936  -0.75647   0.10463  
      	     	          	           	          	           	             	                                      	 0.06417   0.87226   0.22456  -1.16099  
  #46	10   	-5080.19889	Yes        	4        	1.119    	0.117    	 0.17483   0.27415   0.36317   0.18784	-1.37261   0.38424   0.89273   0.09564  
      	     	          	           	          	           	             	                                      	 0.24504  -1.07699   0.26002   0.57193  
      	     	          	           	          	           	             	                                      	 0.42977   0.19629  -0.71399   0.08794  
      	     	          	           	          	           	             	                                      	 0.08902   0.83475   0.17002  -1.09379  
  #47	10   	-5252.58106	Yes        	4        	1.241    	0.036    	 0.16856   0.26997   0.37169   0.18978	-1.29428   0.34238   0.86501   0.08689  
      	     	          	           	          	           	             	                                      	 0.21377  -1.08941   0.34435   0.53129  
      	     	          	           	          	           	             	                                      	 0.39228   0.25012  -0.76464   0.12224  
      	     	          	           	          	           	             	                                      	 0.07717   0.75580   0.23942  -1.07239  
  #48	10   	-5180.19007	Yes        	4        	1.070    	0.066    	 0.18806   0.27212   0.37291   0.16692	-1.19788   0.26652   0.87069   0.06068  
      	     	          	           	          	           	             	                                      	 0.18419  -1.03900   0.32030   0.53451  
      	     	          	           	          	           	             	                                      	 0.43909   0.23373  -0.78576   0.11295  
      	     	          	           	          	           	             	                                      	 0.06836   0.87139   0.25234  -1.19210  
  #49	10   	-5206.13402	Yes        	4        	0.974    	0.000    	 0.18277   0.27485   0.37075   0.17163	-1.32195   0.35262   0.89346   0.07586  
      	     	          	           	          	           	             	                                      	 0.23448  -1.03683   0.25312   0.54923  
      	     	          	           	          	           	             	                                      	 0.44045   0.18765  -0.73022   0.10213  
      	     	          	           	          	           	             	                                      	 0.08079   0.87954   0.22062  -1.18094  
  #50	10   	-5063.72319	Yes        	4        	2.027    	0.115    	 0.20229   0.26346   0.34964   0.18461	-1.16544   0.30896   0.79243   0.06405  
      	     	          	           	          	           	             	                                      	 0.23723  -1.08715   0.30843   0.54149  
      	     	          	           	          	           	             	                                      	 0.45848   0.23241  -0.80621   0.11533  
      	     	          	           	          	           	             	                                      	 0.07018   0.77276   0.21842  -1.06136  
  #51	10   	-4872.37464	Yes        	4        	1.036    	0.061    	 0.16108   0.26277   0.39253   0.18361	-1.57123   0.36570   1.13554   0.06999  
      	     	          	           	          	           	             	                                      	 0.22418  -1.02323   0.26714   0.53191  
      	     	          	           	          	           	             	                                      	 0.46599   0.17883  -0.73892   0.09409  
      	     	          	           	          	           	             	                                      	 0.06140   0.76122   0.20114  -1.02376  
  #52	10   	-5219.87826	Yes        	4        	1.011    	0.066    	 0.16593   0.28026   0.36167   0.19214	-1.47473   0.34767   1.08496   0.04210  
      	     	          	           	          	           	             	                                      	 0.20585  -0.96782   0.25976   0.50221  
      	     	          	           	          	           	             	                                      	 0.49777   0.20129  -0.81449   0.11543  
      	     	          	           	          	           	             	                                      	 0.03635   0.73252   0.21728  -0.98616  
  #53	10   	-5169.74271	Yes        	4        	0.865    	0.000    	 0.16020   0.26990   0.38960   0.18030	-1.49959   0.42144   1.01917   0.05899  
      	     	          	           	          	           	             	                                      	 0.25014  -1.04492   0.24781   0.54696  
      	     	          	           	          	           	             	                                      	 0.41907   0.17167  -0.70691   0.11616  
      	     	          	           	          	           	             	                                      	 0.05241   0.81878   0.25100  -1.12219  
  #54	10   	-5282.23288	Yes        	4        	2.633    	0.190    	 0.18231   0.27362   0.35711   0.18696	-1.18633   0.34131   0.79210   0.05292  
      	     	          	           	          	           	             	                                      	 0.22742  -1.11724   0.32278   0.56704  
      	     	          	           	          	           	             	                                      	 0.40438   0.24731  -0.76439   0.11270  
      	     	          	           	          	           	             	                                      	 0.05161   0.82988   0.21527  -1.09676  
  #55	10   	-5076.56292	Yes        	4        	1.103    	0.056    	 0.17900   0.25887   0.35204   0.21009	-1.20313   0.34467   0.80844   0.05001  
      	     	          	           	          	           	             	                                      	 0.23834  -1.15224   0.31795   0.59595  
      	     	          	           	          	           	             	                                      	 0.41107   0.23380  -0.78138   0.13652  
      	     	          	           	          	           	             	                                      	 0.04261   0.73431   0.22876  -1.00567  
  #56	10   	-5020.99290	Yes        	4        	1.373    	0.105    	 0.18726   0.26106   0.35274   0.19894	-1.23492   0.34431   0.81753   0.07307  
      	     	          	           	          	           	             	                                      	 0.24697  -1.13613   0.30827   0.58089  
      	     	          	           	          	           	             	                                      	 0.43400   0.22815  -0.76599   0.10384  
      	     	          	           	          	           	             	                                      	 0.06878   0.76227   0.18412  -1.01517  
  #57	10   	-5108.83909	Yes        	4        	0.911    	0.028    	 0.19100   0.28250   0.34932   0.17718	-1.19244   0.30910   0.81124   0.07209  
      	     	          	           	          	           	             	                                      	 0.20898  -1.03808   0.29651   0.53259  
      	     	          	           	          	           	             	                                      	 0.44356   0.23979  -0.79221   0.10886  
      	     	          	           	          	           	             	                                      	 0.07772   0.84917   0.21463  -1.14152  
  #58	10   	-4994.09708	Yes        	4        	1.337    	0.137    	 0.18530   0.26040   0.37636   0.17794	-1.09010   0.27155   0.79306   0.02549  
      	     	          	           	          	           	             	                                      	 0.19324  -1.17218   0.36278   0.61615  
      	     	          	           	          	           	             	                                      	 0.39047   0.25100  -0.75596   0.11449  
      	     	          	           	          	           	             	                                      	 0.02655   0.90168   0.24216  -1.17039  
  #59	10   	-5243.78781	Yes        	4        	0.928    	0.000    	 0.17143   0.26532   0.36566   0.19760	-1.28573   0.31721   0.87767   0.09086  
      	     	          	           	          	           	             	                                      	 0.20495  -1.10362   0.30897   0.58969  
      	     	          	           	          	           	             	                                      	 0.41147   0.22419  -0.74822   0.11257  
      	     	          	           	          	           	             	                                      	 0.07882   0.79178   0.20830  -1.07890  
  #60	10   	-5104.92315	Yes        	4        	0.849    	0.072    	 0.19388   0.27183   0.36106   0.17323	-1.22131   0.32151   0.87258   0.02723  
      	     	          	           	          	           	             	                                      	 0.22931  -1.00077   0.27741   0.49406  
      	     	          	           	          	           	             	                                      	 0.46854   0.20885  -0.82559   0.14820  
      	     	          	           	          	           	             	                                      	 0.03047   0.77527   0.30889  -1.11463  
  #61	10   	-5021.99960	Yes        	4        	1.249    	0.049    	 0.16935   0.25184   0.38905   0.18975	-1.37381   0.34775   0.97096   0.05509  
      	     	          	           	          	           	             	                                      	 0.23385  -1.10386   0.31024   0.55977  
      	     	          	           	          	           	             	                                      	 0.42265   0.20082  -0.74746   0.12398  
      	     	          	           	          	           	             	                                      	 0.04917   0.74294   0.25421  -1.04632  
  #62	10   	-5079.47390	Yes        	4        	1.039    	0.057    	 0.17831   0.25350   0.37607   0.19212	-1.28567   0.37039   0.87243   0.04285  
      	     	          	           	          	           	             	                                      	 0.26052  -1.13832   0.32264   0.55515  
      	     	          	           	          	           	             	                                      	 0.41365   0.21749  -0.75938   0.12825  
      	     	          	           	          	           	             	                                      	 0.03977   0.73254   0.25105  -1.02335  
  #63	10   	-5045.30148	Yes        	4        	1.051    	0.060    	 0.16720   0.27876   0.38406   0.16998	-1.45564   0.32809   1.07912   0.04843  
      	     	          	           	          	           	             	                                      	 0.19679  -0.94613   0.24362   0.50572  
      	     	          	           	          	           	             	                                      	 0.46979   0.17683  -0.77090   0.12428  
      	     	          	           	          	           	             	                                      	 0.04763   0.82935   0.28080  -1.15778  
  #64	10   	-5277.74363	Yes        	4        	1.083    	0.063    	 0.18083   0.26513   0.38027   0.17377	-1.23235   0.37246   0.79036   0.06953  
      	     	          	           	          	           	             	                                      	 0.25404  -1.07708   0.27342   0.54962  
      	     	          	           	          	           	             	                                      	 0.37584   0.19063  -0.72147   0.15500  
      	     	          	           	          	           	             	                                      	 0.07236   0.83859   0.33920  -1.25015  
  #65	10   	-5331.30937	Yes        	4        	1.701    	0.119    	 0.18534   0.28132   0.35998   0.17336	-1.23159   0.32999   0.84718   0.05442  
      	     	          	           	          	           	             	                                      	 0.21740  -1.05483   0.24922   0.58820  
      	     	          	           	          	           	             	                                      	 0.43617   0.19476  -0.73137   0.10044  
      	     	          	           	          	           	             	                                      	 0.05818   0.95449   0.20857  -1.22124  
  #66	10   	-4904.97307	Yes        	4        	0.976    	0.097    	 0.17968   0.25757   0.36806   0.19468	-1.25934   0.27981   0.93565   0.04388  
      	     	          	           	          	           	             	                                      	 0.19520  -1.05675   0.34884   0.51271  
      	     	          	           	          	           	             	                                      	 0.45677   0.24412  -0.84164   0.14075  
      	     	          	           	          	           	             	                                      	 0.04050   0.67835   0.26610  -0.98495  
  #67	10   	-5292.44963	Yes        	4        	0.915    	0.000    	 0.19972   0.26566   0.33898   0.19564	-1.19981   0.28040   0.83688   0.08253  
      	     	          	           	          	           	             	                                      	 0.21080  -1.04692   0.29685   0.53926  
      	     	          	           	          	           	             	                                      	 0.49308   0.23265  -0.83855   0.11283  
      	     	          	           	          	           	             	                                      	 0.08425   0.73229   0.19550  -1.01204  
  #68	10   	-5143.78213	Yes        	4        	0.952    	0.011    	 0.19130   0.25312   0.35985   0.19573	-1.30974   0.29482   0.93238   0.08255  
      	     	          	           	          	           	             	                                      	 0.22282  -1.00212   0.23653   0.54278  
      	     	          	           	          	           	             	                                      	 0.49567   0.16638  -0.80707   0.14502  
      	     	          	           	          	           	             	                                      	 0.08068   0.70192   0.26662  -1.04922  
  #69	10   	-5280.86849	Yes        	4        	0.919    	0.000    	 0.17417   0.27245   0.37353   0.17986	-1.27853   0.28603   0.90412   0.08837  
      	     	          	           	          	           	             	                                      	 0.18285  -1.01240   0.27644   0.55311  
      	     	          	           	          	           	             	                                      	 0.42157   0.20164  -0.76059   0.13738  
      	     	          	           	          	           	             	                                      	 0.08557   0.83782   0.28531  -1.20870  
  #70	10   	-5192.38273	Yes        	4        	1.216    	0.122    	 0.18202   0.26463   0.36484   0.18852	-1.20928   0.33255   0.83676   0.03996  
      	     	          	           	          	           	             	                                      	 0.22874  -1.12590   0.29906   0.59810  
      	     	          	           	          	           	             	                                      	 0.41746   0.21692  -0.75081   0.11643  
      	     	          	           	          	           	             	                                      	 0.03858   0.83956   0.22532  -1.10346  
  #71	10   	-5242.33327	Yes        	4        	1.516    	0.106    	 0.18549   0.27303   0.36721   0.17428	-1.22700   0.29540   0.87633   0.05527  
      	     	          	           	          	           	             	                                      	 0.20069  -1.02940   0.28225   0.54646  
      	     	          	           	          	           	             	                                      	 0.44267   0.20986  -0.77819   0.12566  
      	     	          	           	          	           	             	                                      	 0.05882   0.85610   0.26478  -1.17970  
  #72	10   	-5259.20203	Yes        	4        	2.537    	0.141    	 0.17619   0.25508   0.38733   0.18140	-1.23592   0.27747   0.87076   0.08770  
      	     	          	           	          	           	             	                                      	 0.19166  -1.15434   0.34477   0.61792  
      	     	          	           	          	           	             	                                      	 0.39611   0.22705  -0.71785   0.09469  
      	     	          	           	          	           	             	                                      	 0.08518   0.86890   0.20218  -1.15627  
  #73	10   	-5167.91032	Yes        	4        	1.216    	0.116    	 0.16602   0.26149   0.36638   0.20611	-1.49571   0.31713   1.08443   0.09414  
      	     	          	           	          	           	             	                                      	 0.20135  -0.98301   0.26812   0.51354  
      	     	          	           	          	           	             	                                      	 0.49140   0.19136  -0.81182   0.12906  
      	     	          	           	          	           	             	                                      	 0.07583   0.65151   0.22942  -0.95676  
  #74	10   	-5258.91925	Yes        	4        	0.932    	0.016    	 0.18893   0.26026   0.37012   0.18069	-1.20285   0.30911   0.87122   0.02253  
      	     	          	           	          	           	             	                                      	 0.22440  -1.10301   0.24171   0.63691  
      	     	          	           	          	           	             	                                      	 0.44473   0.16996  -0.73377   0.11908  
      	     	          	           	          	           	             	                                      	 0.02356   0.91737   0.24393  -1.18485  
  #75	10   	-5067.68142	Yes        	4        	1.225    	0.044    	 0.18044   0.26685   0.36563   0.18707	-1.34209   0.32102   0.92250   0.09857  
      	     	          	           	          	           	             	                                      	 0.21707  -1.02773   0.28345   0.52720  
      	     	          	           	          	           	             	                                      	 0.45526   0.20687  -0.77565   0.11352  
      	     	          	           	          	           	             	                                      	 0.09507   0.75203   0.22188  -1.06898  
  #76	10   	-5192.57698	Yes        	4        	0.889    	0.037    	 0.19725   0.25169   0.38256   0.16849	-1.13523   0.25736   0.81297   0.06490  
      	     	          	           	          	           	             	                                      	 0.20169  -1.06515   0.28705   0.57641  
      	     	          	           	          	           	             	                                      	 0.41917   0.18885  -0.76159   0.15356  
      	     	          	           	          	           	             	                                      	 0.07598   0.86104   0.34867  -1.28568  
  #77	10   	-5135.07246	Yes        	4        	1.145    	0.071    	 0.17804   0.26815   0.36006   0.19375	-1.26111   0.28266   0.91065   0.06779  
      	     	          	           	          	           	             	                                      	 0.18767  -1.01252   0.27353   0.55131  
      	     	          	           	          	           	             	                                      	 0.45030   0.20371  -0.80479   0.15078  
      	     	          	           	          	           	             	                                      	 0.06229   0.76301   0.28020  -1.10550  
  #78	10   	-5287.58482	Yes        	4        	1.186    	0.078    	 0.18620   0.24844   0.36427   0.20109	-1.20406   0.22602   0.90900   0.06905  
      	     	          	           	          	           	             	                                      	 0.16940  -1.08841   0.31927   0.59974  
      	     	          	           	          	           	             	                                      	 0.46465   0.21775  -0.81275   0.13035  
      	     	          	           	          	           	             	                                      	 0.06393   0.74094   0.23612  -1.04100  
  #79	10   	-4777.31374	Yes        	4        	0.987    	0.099    	 0.15747   0.26315   0.39331   0.18608	-1.45076   0.28077   1.10119   0.06881  
      	     	          	           	          	           	             	                                      	 0.16801  -1.04966   0.32186   0.55979  
      	     	          	           	          	           	             	                                      	 0.44087   0.21534  -0.75677   0.10056  
      	     	          	           	          	           	             	                                      	 0.05823   0.79165   0.21255  -1.06243  
  #80	10   	-4963.72317	Yes        	4        	0.983    	0.047    	 0.16416   0.26958   0.38568   0.18058	-1.48985   0.34947   1.08134   0.05905  
      	     	          	           	          	           	             	                                      	 0.21281  -1.02568   0.29493   0.51794  
      	     	          	           	          	           	             	                                      	 0.46026   0.20615  -0.76050   0.09409  
      	     	          	           	          	           	             	                                      	 0.05368   0.77323   0.20097  -1.02787  
  #81	10   	-5196.67741	Yes        	4        	1.531    	0.169    	 0.19242   0.26392   0.35362   0.19004	-1.16138   0.31529   0.78580   0.06029  
      	     	          	           	          	           	             	                                      	 0.22988  -1.08778   0.30906   0.54884  
      	     	          	           	          	           	             	                                      	 0.42759   0.23066  -0.79995   0.14169  
      	     	          	           	          	           	             	                                      	 0.06104   0.76223   0.26366  -1.08694  
  #82	10   	-5258.05535	Yes        	4        	0.982    	0.008    	 0.18433   0.28279   0.35975   0.17314	-1.29514   0.34226   0.88467   0.06821  
      	     	          	           	          	           	             	                                      	 0.22310  -0.98322   0.24280   0.51732  
      	     	          	           	          	           	             	                                      	 0.45329   0.19086  -0.77290   0.12874  
      	     	          	           	          	           	             	                                      	 0.07262   0.84494   0.26750  -1.18506  
  #83	10   	-5287.73156	Yes        	4        	1.171    	0.121    	 0.18242   0.26702   0.36256   0.18800	-1.22259   0.32609   0.87596   0.02054  
      	     	          	           	          	           	             	                                      	 0.22278  -1.08689   0.30197   0.56213  
      	     	          	           	          	           	             	                                      	 0.44074   0.22239  -0.79067   0.12753  
      	     	          	           	          	           	             	                                      	 0.01993   0.79841   0.24595  -1.06430  
  #84	10   	-5009.11834	Yes        	4        	1.030    	0.041    	 0.17199   0.26675   0.39998   0.16127	-1.45493   0.30219   1.06149   0.09125  
      	     	          	           	          	           	             	                                      	 0.19484  -0.96176   0.28655   0.48037  
      	     	          	           	          	           	             	                                      	 0.45644   0.19110  -0.76052   0.11297  
      	     	          	           	          	           	             	                                      	 0.09731   0.79455   0.28018  -1.17204  
  #85	10   	-5297.28462	Yes        	4        	1.356    	0.070    	 0.17213   0.26472   0.38607   0.17708	-1.35696   0.38939   0.91025   0.05731  
      	     	          	           	          	           	             	                                      	 0.25320  -1.08417   0.31170   0.51927  
      	     	          	           	          	           	             	                                      	 0.40585   0.21373  -0.73988   0.12030  
      	     	          	           	          	           	             	                                      	 0.05572   0.77630   0.26229  -1.09430  
  #86	10   	-5422.40460	Yes        	4        	1.077    	0.000    	 0.19412   0.25513   0.37026   0.18049	-1.19160   0.31307   0.81509   0.06344  
      	     	          	           	          	           	             	                                      	 0.23820  -1.12348   0.31635   0.56894  
      	     	          	           	          	           	             	                                      	 0.42733   0.21798  -0.76097   0.11566  
      	     	          	           	          	           	             	                                      	 0.06823   0.80424   0.23727  -1.10973  
  #87	10   	-5165.77935	Yes        	4        	1.034    	0.048    	 0.16475   0.25586   0.38577   0.19363	-1.38769   0.36788   0.96392   0.05589  
      	     	          	           	          	           	             	                                      	 0.23688  -1.07718   0.31807   0.52223  
      	     	          	           	          	           	             	                                      	 0.41166   0.21096  -0.76878   0.14616  
      	     	          	           	          	           	             	                                      	 0.04756   0.69006   0.29120  -1.02882  
  #88	10   	-5282.42629	Yes        	4        	1.321    	0.080    	 0.18615   0.26128   0.36762   0.18495	-1.14413   0.35612   0.73090   0.05711  
      	     	          	           	          	           	             	                                      	 0.25371  -1.21372   0.28497   0.67504  
      	     	          	           	          	           	             	                                      	 0.37009   0.20254  -0.67108   0.09845  
      	     	          	           	          	           	             	                                      	 0.05748   0.95362   0.19569  -1.20680  
  #89	10   	-5244.18925	Yes        	4        	1.395    	0.126    	 0.17737   0.27687   0.34875   0.19701	-1.41027   0.32329   1.01018   0.07680  
      	     	          	           	          	           	             	                                      	 0.20710  -0.93747   0.26640   0.46397  
      	     	          	           	          	           	             	                                      	 0.51375   0.21149  -0.86186   0.13662  
      	     	          	           	          	           	             	                                      	 0.06915   0.65205   0.24186  -0.96305  
  #90	10   	-5004.54164	Yes        	4        	1.186    	0.081    	 0.17561   0.27006   0.36015   0.19418	-1.19524   0.34972   0.77383   0.07169  
      	     	          	           	          	           	             	                                      	 0.22740  -1.17471   0.33553   0.61177  
      	     	          	           	          	           	             	                                      	 0.37731   0.25160  -0.72409   0.09517  
      	     	          	           	          	           	             	                                      	 0.06483   0.85085   0.17652  -1.09220  
  #91	10   	-5264.79459	Yes        	4        	1.307    	0.086    	 0.17568   0.25837   0.37366   0.19228	-1.34339   0.28970   1.00453   0.04916  
      	     	          	           	          	           	             	                                      	 0.19698  -1.05087   0.28817   0.56572  
      	     	          	           	          	           	             	                                      	 0.47229   0.19926  -0.78761   0.11606  
      	     	          	           	          	           	             	                                      	 0.04492   0.76018   0.22554  -1.03064  
  #92	10   	-5256.18163	Yes        	4        	1.404    	0.080    	 0.17185   0.27908   0.36311   0.18596	-1.26698   0.32410   0.87650   0.06638  
      	     	          	           	          	           	             	                                      	 0.19957  -1.01902   0.29873   0.52072  
      	     	          	           	          	           	             	                                      	 0.41483   0.22960  -0.79197   0.14754  
      	     	          	           	          	           	             	                                      	 0.06134   0.78150   0.28810  -1.13095  
  #93	10   	-5087.42058	Yes        	4        	1.550    	0.076    	 0.17100   0.25909   0.39086   0.17905	-1.33707   0.33537   0.94516   0.05654  
      	     	          	           	          	           	             	                                      	 0.22135  -1.11497   0.31346   0.58015  
      	     	          	           	          	           	             	                                      	 0.41351   0.20778  -0.72320   0.10191  
      	     	          	           	          	           	             	                                      	 0.05400   0.83950   0.22248  -1.11598  
  #94	10   	-4983.77564	Yes        	4        	0.994    	0.000    	 0.17487   0.28457   0.34142   0.19914	-1.35369   0.35434   0.94189   0.05746  
      	     	          	           	          	           	             	                                      	 0.21775  -1.01229   0.26228   0.53226  
      	     	          	           	          	           	             	                                      	 0.48242   0.21861  -0.80992   0.10888  
      	     	          	           	          	           	             	                                      	 0.05046   0.76060   0.18668  -0.99774  
  #95	10   	-5148.41871	Yes        	4        	1.159    	0.054    	 0.18352   0.27871   0.34759   0.19017	-1.11525   0.27424   0.78943   0.05159  
      	     	          	           	          	           	             	                                      	 0.18058  -1.09660   0.30368   0.61234  
      	     	          	           	          	           	             	                                      	 0.41680   0.24350  -0.77544   0.11514  
      	     	          	           	          	           	             	                                      	 0.04978   0.89741   0.21044  -1.15764  
  #96	10   	-5251.18282	Yes        	4        	1.291    	0.089    	 0.17348   0.28126   0.35272   0.19254	-1.35286   0.34907   0.94616   0.05762  
      	     	          	           	          	           	             	                                      	 0.21531  -1.02894   0.28596   0.52768  
      	     	          	           	          	           	             	                                      	 0.46536   0.22803  -0.79676   0.10337  
      	     	          	           	          	           	             	                                      	 0.05192   0.77084   0.18936  -1.01213  
  #97	10   	-5027.39520	Yes        	4        	0.985    	0.053    	 0.18504   0.26681   0.36799   0.18016	-1.29295   0.27389   0.92254   0.09652  
      	     	          	           	          	           	             	                                      	 0.18996  -1.00187   0.25679   0.55513  
      	     	          	           	          	           	             	                                      	 0.46389   0.18618  -0.76999   0.11992  
      	     	          	           	          	           	             	                                      	 0.09913   0.82210   0.24493  -1.16617  
  #98	10   	-5242.64032	Yes        	4        	1.239    	0.057    	 0.18929   0.26635   0.35889   0.18547	-1.24686   0.33155   0.85758   0.05774  
      	     	          	           	          	           	             	                                      	 0.23562  -1.05567   0.24197   0.57808  
      	     	          	           	          	           	             	                                      	 0.45232   0.17958  -0.75885   0.12695  
      	     	          	           	          	           	             	                                      	 0.05892   0.83017   0.24565  -1.13474  
  #99	10   	-5243.15480	Yes        	4        	1.621    	0.086    	 0.18361   0.27547   0.36117   0.17974	-1.32738   0.40233   0.88031   0.04474  
      	     	          	           	          	           	             	                                      	 0.26817  -1.04461   0.29810   0.47834  
      	     	          	           	          	           	             	                                      	 0.44754   0.22737  -0.79226   0.11736  
      	     	          	           	          	           	             	                                      	 0.04571   0.73310   0.23582  -1.01463  
  #100	10   	-5124.66952	Yes        	4        	1.029    	0.065    	 0.18055   0.27408   0.35911   0.18626	-1.18764   0.25728   0.90914   0.02122  
      	     	          	           	          	           	             	                                      	 0.16949  -1.03994   0.34998   0.52047  
      	     	          	           	          	           	             	                                      	 0.45710   0.26711  -0.85507   0.13086  
      	     	          	           	          	           	             	                                      	 0.02057   0.76590   0.25229  -1.03876  
