

TREE # 1
   1   2095.82533 x   0.21709  0.06059  0.02605  0.10929  0.62061  0.47395  0.10139  0.60237  0.10531  0.30230  0.22941  3.33261  0.19811
   2   2090.48696 x   0.22753  0.05996  0.02510  0.11161  0.68859  0.51728  0.12171  0.63928  0.11469  0.32460  0.24216  4.48093  0.15897
   3   2090.35796 x   0.23066  0.05812  0.02434  0.11249  0.70612  0.52550  0.12419  0.64443  0.11594  0.32851  0.24530  4.58958  0.15208
   4   2090.34808 x   0.23267  0.05751  0.02411  0.11272  0.71016  0.52782  0.12439  0.64593  0.11622  0.32915  0.24615  4.62457  0.15027
   5   2090.34752 x   0.23285  0.05753  0.02410  0.11275  0.71118  0.52856  0.12452  0.64650  0.11634  0.32944  0.24632  4.63354  0.14985
   6   2090.34748 x   0.23288  0.05751  0.02409  0.11276  0.71143  0.52873  0.12453  0.64661  0.11637  0.32950  0.24638  4.63631  0.14973
   7   2090.34748 x   0.23289  0.05751  0.02408  0.11276  0.71149  0.52878  0.12453  0.64663  0.11638  0.32951  0.24639  4.63692  0.14970
   8   2090.34748 x   0.23290  0.05751  0.02408  0.11276  0.71151  0.52879  0.12453  0.64664  0.11638  0.32951  0.24640  4.63706  0.14970
